0.31
0.31
0.33
0.64
0.69
0.39
0.36
0.64
0.64
0.36
0.64
0.69
0.64
0.69
0.64
0.57
0.36
0.33
0.64
0.33
0.82
0.33
0.64
0.33
0.37
0.33
0.64
0.69
0.64
0.37
0.64
0.69
0.64
0.69
0.64
0.69
0.64
0.35
0.64
0.36
0.64
0.39
0.64
0.41
0.64
0.44
0.64
0.44
0.64
0.68
0.64
0.47
0.45
0.53
0.64
0.57
0.66
0.57
0.64
0.57
0.79
0.57
0.64
0.42
0.64
0.69
0.64
0.62
0.64
0.69
0.64
0.57
0.8
0.57
0.65
0.57
0.66
0.57
0.66
0.57
0.66
0.57
0.66
0.57
0.66
0.57
0.67
0.57
0.67
0.57
0.68
0.57
0.7
0.58
0.69
0.58
0.78
0.58
0.65
0.6
0.64
0.7
0.52
0.58
0.69
0.58
0.96
0.58
0.65
0.66
0.64
0.77
0.96
0.58
0.78
0.58
0.97
0.64
0.83
0.64
0.97
0.64
0.97
0.64
0.86
0.64
0.95
0.64
0.72
0.64
0.91
0.5
0.64
0.97
0.97
0.79
0.64
0.92
0.64
0.8
0.64
0.94
0.64
0.64
0.64
0.95
0.7
0.64
0.96
0.84
0.64
0.84
0.64
0.86
0.64
0.89
0.64
0.89
0.64
0.92
0.64
0.88
0.64
0.94
0.65
0.62
0.64
0.94
0.62
0.64
0.96
0.77
0.64
0.93
0.65
0.65
0.64
0.96
0.83
0.64
0.84
0.64
0.84
0.64
0.87
0.64
0.86
0.64
0.91
0.64
0.83
0.64
0.94
0.73
0.44
0.64
0.95
0.95
0.78
0.64
0.96
0.85
0.64
0.88
0.64
0.84
0.64
0.93
0.64
0.72
0.64
0.93
0.66
0.64
0.95
0.79
0.64
0.94
0.64
0.72
0.64
0.96
0.93
0.64
0.78
0.64
0.93
0.76
0.56
0.64
0.95
0.95
0.78
0.64
0.93
0.66
0.71
0.64
0.95
0.93
0.81
0.62
0.64
0.94
0.92
0.71
0.64
0.93
0.73
0.64
0.64
0.93
0.71
0.7
0.64
0.92
0.67
0.71
0.64
0.83
0.64
0.81
0.64
0.83
0.64
0.83
0.64
0.83
0.64
0.83
0.64
0.83
0.64
0.83
0.64
0.86
0.64
0.82
0.64
0.94
0.67
0.66
0.64
0.95
0.82
0.64
0.9
0.64
0.78
0.64
0.95
0.95
0.95
0.88
0.63
0.64
0.94
0.92
0.65
0.76
0.64
0.95
0.93
0.8
0.62
0.64
0.94
0.94
0.83
0.64
0.81
0.64
0.91
0.65
0.78
0.64
0.94
0.94
0.81
0.64
0.94
0.67
0.66
0.64
0.94
0.92
0.67
0.72
0.64
0.95
0.94
0.92
0.76
0.64
0.94
0.94
0.92
0.66
0.76
0.64
0.95
0.94
0.95
0.88
0.66
0.64
0.94
0.94
0.9
0.73
0.64
0.94
0.94
0.93
0.76
0.64
0.64
0.94
0.93
0.81
0.64
0.88
0.65
0.79
0.64
0.93
0.78
0.65
0.64
0.94
0.92
0.81
0.64
0.84
0.64
0.81
0.64
0.92
0.67
0.69
0.64
0.94
0.94
0.93
0.79
0.64
0.93
0.86
0.66
0.64
0.94
0.94
0.91
0.67
0.75
0.64
0.94
0.94
0.88
0.65
0.8
0.64
0.92
0.71
0.66
0.64
0.94
0.93
0.85
0.65
0.8
0.64
0.92
0.68
0.69
0.64
0.93
0.94
0.93
0.86
0.66
0.64
0.94
0.92
0.82
0.64
0.81
0.64
0.88
0.65
0.8
0.64
0.92
0.82
0.66
0.64
0.93
0.94
0.88
0.66
0.79
0.64
0.93
0.88
0.67
0.64
0.93
0.93
0.86
0.65
0.8
0.64
0.92
0.71
0.66
0.64
0.93
0.91
0.81
0.65
0.81
0.64
0.84
0.65
0.81
0.64
0.9
0.67
0.76
0.64
0.93
0.94
0.94
0.88
0.72
0.64
0.93
0.93
0.94
0.91
0.81
0.64
0.92
0.71
0.68
0.64
0.93
0.93
0.93
0.91
0.84
0.65
0.81
0.64
0.9
0.67
0.76
0.64
0.93
0.93
0.94
0.91
0.82
0.64
0.87
0.65
0.81
0.64
0.92
0.85
0.66
0.64
0.93
0.93
0.93
0.94
0.92
0.79
0.64
0.93
0.94
0.87
0.66
0.8
0.64
0.94
0.92
0.79
0.64
0.93
0.94
0.87
0.66
0.8
0.64
0.94
0.92
0.79
0.64
0.93
0.93
0.88
0.66
0.79
0.64
0.94
0.93
0.8
0.64
0.92
0.84
0.66
0.64
0.93
0.94
0.92
0.84
0.66
0.64
0.93
0.91
0.86
0.66
0.79
0.64
0.92
0.86
0.7
0.64
0.93
0.91
0.81
0.65
0.82
0.65
0.81
0.64
0.86
0.66
0.8
0.64
0.92
0.84
0.69
0.64
0.93
0.91
0.82
0.65
0.81
0.65
0.85
0.66
0.8
0.64
0.92
0.71
0.72
0.64
0.93
0.91
0.82
0.65
0.81
0.65
0.87
0.67
0.79
0.64
0.92
0.88
0.76
0.64
0.93
0.91
0.81
0.65
0.85
0.66
0.8
0.64
0.89
0.71
0.76
0.64
0.92
0.91
0.81
0.65
0.82
0.66
0.81
0.65
0.88
0.67
0.79
0.64
0.92
0.88
0.76
0.64
0.91
0.91
0.8
0.65
0.88
0.71
0.76
0.64
0.91
0.9
0.8
0.64
0.88
0.71
0.76
0.64
0.92
0.89
0.8
0.65
0.88
0.71
0.76
0.64
0.92
0.9
0.77
0.64
0.91
0.76
0.75
0.64
0.92
0.89
0.77
0.64
0.89
0.75
0.75
0.64
0.92
0.88
0.76
0.64
0.91
0.79
0.76
0.64
0.92
0.87
0.76
0.64
0.91
0.81
0.76
0.64
0.92
0.86
0.76
0.64
0.91
0.82
0.76
0.64
0.91
0.84
0.76
0.64
0.9
0.82
0.76
0.64
0.91
0.83
0.76
0.65
0.89
0.81
0.76
0.65
0.89
0.82
0.76
0.65
0.89
0.81
0.76
0.65
0.89
0.81
0.76
0.65
0.89
0.8
0.76
0.65
0.89
0.8
0.76
0.65
0.88
0.8
0.76
0.65
0.88
0.8
0.76
0.65
0.88
0.8
0.76
0.65
0.88
0.8
0.76
0.65
0.88
0.8
0.76
0.65
0.88
0.8
0.76
0.65
0.88
0.8
0.76
0.65
0.88
0.8
0.76
0.65
0.88
0.8
0.76
0.65
0.88
0.8
0.76
0.65
0.88
0.8
0.76
0.65
0.88
0.8
0.76
0.65
0.88
0.8
0.76
0.65
0.88
0.8
0.76
0.65
0.87
0.8
0.76
0.65
0.87
0.8
0.76
0.65
0.87
0.79
0.76
0.65
0.87
0.79
0.76
0.65
0.87
0.79
0.76
0.65
0.87
0.79
0.77
0.65
0.87
0.78
0.77
0.65
0.87
0.78
0.77
0.65
0.87
0.78
0.77
0.65
0.87
0.78
0.77
0.65
0.87
0.78
0.77
0.65
0.87
0.77
0.77
0.65
0.87
0.76
0.77
0.66
0.87
0.76
0.77
0.66
0.87
0.76
0.77
0.66
0.87
0.76
0.77
0.66
0.87
0.76
0.77
0.66
0.87
0.76
0.77
0.66
0.87
0.76
0.77
0.66
0.87
0.75
0.77
0.66
0.87
0.75
0.77
0.66
0.87
0.73
0.77
0.66
0.86
0.73
0.77
0.66
0.86
0.73
0.77
0.66
0.86
0.73
0.77
0.66
0.86
0.73
0.77
0.66
0.86
0.73
0.77
0.66
0.86
0.73
0.78
0.66
0.86
0.72
0.78
0.67
0.86
0.71
0.79
0.67
0.86
0.71
0.79
0.67
0.85
0.71
0.8
0.67
0.84
0.71
0.8
0.67
0.83
0.71
0.8
0.67
0.83
0.71
0.8
0.67
0.83
0.71
0.8
0.67
0.83
0.71
0.8
0.67
0.83
0.71
0.81
0.67
0.83
0.71
0.82
0.67
0.83
0.7
0.82
0.67
0.83
0.69
0.82
0.67
0.83
0.69
0.82
0.68
0.83
0.69
0.82
0.68
0.83
0.69
0.82
0.68
0.83
0.69
0.82
0.68
0.82
0.69
0.82
0.68
0.82
0.69
0.82
0.68
0.82
0.69
0.82
0.68
0.82
0.69
0.82
0.69
0.82
0.69
0.82
0.69
0.82
0.69
0.82