8.74037937431219
0.014161458559049522
19.404565199934645
0.4033711621157031
3.431528329833641
4.677978550515774
8.429328268252014
10.473064207449342
2.0147768073043486
5.778074927316063
7.70677558717561
5.676561458248511
6.181012707789359
5.431258144385521
9.488523855345674
6.472540298615034
0.01117829874432756
12.79272200984772
0.08851585939119207
10.878008576224287
0.010795163642591825
12.945165110791697
0.23999593640021874
7.5145817681418805
0.00904403476627763
12.96336810194573
0.441602407795693
4.521464829406759
2.2428645141490926
4.08759309163412
7.906023586582384
4.055076020719269
5.041642413031596
3.7699320749169316
8.641948588385354
4.108239727515748
0.05446591913571469
9.890372314743768
0.009820529250577697
10.577363458908623
0.0341824460394638
9.99887460711452
0.015325540348525462
10.48327768180776
0.05314852256789585
9.352348587949898
0.009542433245378297
11.375351090045195
0.5298686293881871
2.5535781652242764
10.175611417097539
4.314317033243602
0.005506181440612494
9.927168702977363
0.08102881915234966
7.938581169417063
0.005778762632913663
9.89601798572862
0.11888824301914884
6.820903524810997
0.005009940101926374
11.404881624857213
1.1887564180710612
1.9526005581375836
8.080924054585967
2.1588826419140137
3.3316745474158806
1.9601337442119884
8.588071615451296
2.459551503935316
0.10575591560575978
7.3008500806290275
0.004533806070805266
8.88004209656104
0.01725349249319754
8.747813970358187
0.013082494539343096
8.848604480558144
0.015614217328657838
8.923617009665216
0.018205458150069964
8.981728640797236
0.020977127775328806
9.021599094779548
0.023703083920379564
9.047868666250867
0.02640945645133013
9.055534800825308
0.028588970532125182
9.063107750477807
0.031254117740142584
9.017561305093771
0.030588845194756926
9.119355716597417
0.042079992451256605
8.541963173840248
0.013193436001044185
10.49529334272576
0.601744511582545
1.7116642195110914
9.936057989796506
3.331366821636608
0.003304041580374997
9.206602307825484
0.09305327103699598
6.35241838577349
0.0032642274870004462
10.538194021015363
0.8543367224994334
1.4302786344023017
8.87701817347863
2.076169689248702
0.0031431329846066058
8.712052183700246
0.0742479065598678
6.5567969100487185
0.0033423009982063282
8.111580512431752
0.03856393696235003
6.877968325113399
0.005660094265052926
7.465608585511018
0.03329419047942159
6.334133544008536
0.016901671297659297
7.4940105368173535
0.09817636672421642
4.753476216975044
0.02199929085746557
9.485692213954122
1.2516419915795902
0.022348977105364935
8.219780291615228
0.33533235949284396
0.5978586257874322
0.023097344457478887
7.192179746009504
0.06620560440340947
5.788241991302486
0.023311106239239023
7.61448035295278
0.13308827190423256
3.8060656996996056
0.022100001215372953
9.061992361807283
0.8941927958030941
0.02205542620700672
8.568047601606983
0.5407003990304373
0.02860308257281018
6.609750416083859
0.03400458145971833
6.592016062588457
0.033579668037930166
6.7041982742417545
0.037658322791781315
6.649576026205738
0.0357972372192861
6.853787006499988
0.045454534332394624
6.4673336706856945
0.03080483866885761
7.492657593652873
0.1209158854389637
3.744095992532385
0.02177536352104191
9.216991858793845
1.0329141362050882
0.021733076302698585
8.773583958142234
0.694143831161269
0.021966144782510254
7.5451802716449485
0.1403400939844516
3.5649350436893057
0.02164790122435302
8.535169471273322
0.5450133930461637
0.02993590460280533
6.493239619626208
0.033764666997225454
6.4685576028087475
0.0331806466688078
6.587747945998118
0.03751927864289533
6.488701004689333
0.03419106026973106
6.773120436329451
0.04746049832868726
6.154375548215221
0.02697691948282052
7.663521667618101
0.18022248109631767
2.2071052336656694
0.021433494691662384
8.004175359965139
0.29442299675732037
0.6863512332185644
0.021682970458399568
8.441644963649056
0.5033176515439366
0.033471434655711396
6.635528009136084
0.04233533799213211
6.256984022787867
0.02958747495610657
7.172834190350886
0.09158944244118093
4.387788572801141
0.021341127201772555
9.159317838843712
1.010830192270246
0.02127215085065564
8.688233831597978
0.6683979467525764
0.022237691848931318
7.162172093365815
0.09579255379177783
4.309206131174325
0.021249928573207667
8.358638380515545
0.47764881761825606
0.06407112639900803
5.212649733990449
0.02176915031569616
7.62136641425818
0.19266935565978094
2.1418690396297984
0.021128475505831346
7.976928221573429
0.3117986293724376
0.7543298250590992
0.021518103685169234
7.234783743747775
0.1144713787621488
3.8100275740552814
0.021081237277329835
8.197309521834372
0.4105002861051096
0.2105119589044802
1.9697436349451838
0.02103036648456187
7.878061784433024
0.2841301894451069
1.1494526169030976
0.021017371731375873
7.586385125343684
0.19700831053408735
2.396741387507401
0.02097419876586053
7.552527649461951
0.19227056999388206
2.6175194351315594
0.02094746305045109
7.264280056762277
0.13236478135598273
3.795253764304483
0.020938466823201562
6.541887813708612
0.049407870134969493
5.576768342115218
0.023483838936932698
6.069211394710647
0.030522688621849512
6.0120412315897624
0.029365884756390334
6.1167292427155555
0.0321253708106693
6.081186244500915
0.0313664925677306
6.201760258865741
0.035257681297721305
6.0779297485430686
0.03169301524682242
6.371743289601474
0.04309515566903452
5.801361428096909
0.02638668382162411
7.035317226242612
0.10703198637499463
3.6556543854700596
0.020790203629235438
8.553764472907512
0.6372391523624075
0.027244032772878617
6.631225105140115
0.06316498517785103
4.919413870646129
0.021305771653443585
7.972144701425247
0.3570284289887887
0.40599514468220477
0.21967468075919974
1.5521007625895604
0.02070608348673045
8.292027757690898
0.49993285076235566
0.08505188652986635
4.200473705103492
0.020758842135642434
8.154044221204094
0.4376021287600855
0.1842508542330662
2.1513733953142893
0.02065332533938258
7.913487992807091
0.342273319609284
0.5956003032967496
0.039920484219648486
5.652203679782766
0.025432532313546776
6.6035108094154475
0.06526684621979678
4.747410986520053
0.02102424944946099
7.823736490818323
0.31454357268571626
0.6955780433176868
0.024423830675916282
6.966090195839428
0.1094989311024615
3.492233547022296
0.02058079079297431
8.271230394499273
0.5053565384258438
0.09725931953463109
3.795246485704462
0.020577763041458835
8.068986580324086
0.4162548046771344
0.272093761573807
1.0915244138004676
0.02060663590042373
7.905886067223448
0.35182202814359825
0.5264796721234917
0.07947191034270705
4.245655444399173
0.020616115399739107
7.949745180023529
0.3698139866146185
0.4276637776106206
0.22291247548179402
1.5616113407596188
0.020478767507190406
8.076895965591163
0.4218673708883049
0.25829376591296466
1.2215902008208652
0.02049132735793886
7.940957789868787
0.3676761722561529
0.45848866527374155
0.16948286071028348
2.3245212564059257
0.02043040858705476
7.819211782584022
0.3248809810697614
0.7321248995431141
0.024599567543763978
6.4008085461267505
0.05484632117033887
4.949033528462362
0.021332574162209954
7.248982041398349
0.1709455768371806
2.2773536632869122
0.02038577067613985
7.810994941327351
0.3292684014077475
0.7090193144563863
0.027138609297888795
6.1832040051615245
0.04393649010018285
5.33671041217994
0.023372942386967348
6.804127468872394
0.09964574818165399
3.608326562523708
0.02036830911840216
8.024566452424835
0.41701040114137333
0.29710691393770217
0.8789435756663244
0.02123641255857559
7.337264531304944
0.1991334032236941
1.8537169881537778
0.02031567135928667
7.867765964317987
0.35897386682613974
0.5392555096348185
0.09078673903777981
3.805018684806191
0.02034016755116215
7.82398815694919
0.3447560721035171
0.6111124262464096
0.04940228944009536
5.0566048095096345
0.021887026790744554
7.036459523176988
0.14173051552568905
2.687343831256858
0.02026354455466683
7.80609411483673
0.34368471924220345
0.6344119681473254
0.04483759666946577
5.1954932729486085
0.022797307677521635
6.769550057682482
0.10316641481087341
3.449107192646798
0.020252069087684586
7.882897961308
0.3763552836874326
0.4722671020651131
0.1894766433000733
1.9619724586914224
0.020217421326296895
7.772154865127958
0.337641193251412
0.6806582302198109
0.03603377135064267
5.549201169855898
0.027233084614539105
6.186632892731685
0.050411358728585355
4.984648075436617
0.02183011690134399
7.122954949353843
0.16884396773725294
2.2090489586486295
0.020176955868657472
7.783272442221894
0.3493557838779058
0.6176364529245949
0.0578604421699231
4.6577256971618395
0.02087202815649629
7.2927119196754235
0.20976119305228472
1.7119609014325095
0.020162993707614943
7.760319539489685
0.34529717181039865
0.6530456092075976
0.04757548362468007
4.994550067768834
0.022061914161561273
6.837413010060462
0.1237806346836088
2.934133054655809
0.02013020262229238
7.7145938137597065
0.33496304974344826
0.7227878894962259
0.03415268491261188
5.569683647440059
0.029387957057031372
5.929788664430837
0.041361104745492254
5.2851746044022105
0.024845665527420735
6.487966029696325
0.08280159462316909
3.8651128957678016
0.020189931437185428
7.832954627251478
0.38364633493690503
0.47445826853666434
0.21949239759465208
1.5717987725102713
0.02010914047320008
7.865834389631655
0.3951022484141513
0.43368862741142566
0.30660254162409445
0.834807564314338
0.024129243807148128
6.6947446601969425
0.10818542869506309
3.214277827540623
0.020070066403405327
7.869456472618687
0.3974424458833095
0.42429007938762225
0.33032608318295736
0.6873782213632785
0.03993586947023761
5.447094320662745
0.02746550730979007
6.345116067329766
0.06998445169175403
4.254541029677397
0.020333974280454213
7.850879121270225
0.3921957241903769
0.42406532707584466
0.3186665843596179
0.7299162216705587
0.03226478312682291
6.049364618633474
0.048908097850549365
5.105142522638996
0.023240861556062455
7.069594312228787
0.17564261248278532
2.0455817957666937
0.02000293606085727
7.885171919614959
0.40800486907749717
0.38700737327748796
0.4430822460566898
0.27475558570005854
1.0297659664510235
0.020733931309991446
7.6937992903778225
0.3374290061340627
0.6359735703269743
0.055478334494235
4.772377021315731
0.021296430806860882
7.470811636679681
0.2716674353172619
1.057755907396202
0.020615865980233
7.689436965296202
0.337976403860219
0.6393532176840708
0.05560293302879016
4.735289634034441
0.02118909587743851
7.450991800438275
0.2680795148167476
1.0899009478140278
0.020501213386663455
7.688714230960078
0.33979026060079365
0.636672843452776
0.058128290267963616
4.606785452227848
0.020830990784168266
7.530283512013876
0.29231807129616283
0.9162919554302644
0.0223353272603308
7.028514452306065
0.17130924222443167
2.0732786171643927
0.01992777310267663
7.779850234915276
0.37504894228760977
0.5143851314353656
0.1665356862403808
2.134506195049955
0.019917421232177997
7.68558186665069
0.34372199907252027
0.6693604288275449
0.052615883230149534
4.644843272734313
0.020986031764091116
7.043287605743058
0.17776555214576542
1.9973894125812028
0.019908252880133988
7.606937038945561
0.32265248698371707
0.8041232845832431
0.029588383503237278
5.685782281934742
0.03605351745791045
5.3254571894840375
0.027080258733943964
5.984327258339171
0.05034256788145777
4.729042450338128
0.02145342418659451
6.932348008822799
0.1629824904061737
2.1666236236857235
0.01988148377264484
7.599525839121112
0.32914517533484206
0.7771191120904584
0.03500816372678949
5.337469986873696
0.028052205092461445
5.843172457426358
0.044809886520578594
4.9164661469620095
0.022793167628748057
6.561400842047655
0.10822973673793378
3.0422964016984917
0.019873161688060678
7.582434410073471
0.331535024028598
0.7764997483811398
0.037746225786740355
5.173679818665851
0.025959744450694443
6.0187964271591206
0.05713429897855329
4.413693267138886
0.020690115093857906
7.084710123582684
0.2060984133281666
1.6838745225537552
0.01992021906661477
7.503507766603866
0.31408528713685163
0.8835076595231819
0.028110308170009913
5.74610390350093
0.04335678316199494
4.906618038487694
0.023315564675852198
6.35972726185999
0.0904858115440736
3.400105056598298
0.01988865599592657
7.489686633626392
0.3162621472520407
0.882630796733818
0.02956754445734535
5.601524183972146
0.03870897973890365
5.090967088022064
0.025938636006676473
5.979044423974408
0.05926666549425352
4.293801457154101
0.02059530174373814
7.051382646848768
0.21099418239917442
1.6387672058483194
0.019965805024715243
7.370126958728111
0.29016977836399377
1.0496508741166215
0.023312881177062792
6.224900813092365
0.08178958641104363
3.572527710296685
0.019929135749686945
7.319925761037001
0.28017294343194427
1.1267085175715152
0.022207015484843176
6.34871380691647
0.09704499493207307
3.181756204165928
0.019843646447974386
7.295825237338287
0.2773170562022324
1.162837072043471
0.02201218018814953
6.278403700824457
0.0909386382118153
3.3000566521667474
0.01986224840951374
7.185753715560944
0.25307581584586947
1.338998035916256
0.020766812946496595
6.540728530859889
0.12723154398878025
2.590029224283035
0.019807391805727423
7.129598375541486
0.24290303173825337
1.4273335159982359
0.020536765133364922
6.5015420893151505
0.12384069627756039
2.6342016410093048
0.0198083768889807
7.015220240457763
0.2201188065796569
1.6070771567165243
0.020203113404514302
6.565842596840968
0.13621181447778988
2.444273219718397
0.019822170601449033
6.888379110420821
0.19638351902847745
1.803655472714218
0.020035007114785817
6.592873004844381
0.14330721978246183
2.34546526077848
0.01984376381776273
6.764143263953035
0.17510860539286274
1.995478672693821
0.019953066062554148
6.5897071247280214
0.14565685116734892
2.3108847335474536
0.019863962635825017
6.66051383646588
0.15929643122055956
2.152323242946507
0.019916569041467505
6.564027159577539
0.14438355201664874
2.3199656062661256
0.019879263371290062
6.581111127190992
0.14873215740176476
2.2644112058193624
0.01990417153752389
6.527056262090886
0.14137645134219448
2.3492501296085297
0.019891958684185564
6.520641667674876
0.14185201191183702
2.3389621568201706
0.019905587714004434
6.487481209106707
0.13807602929105756
2.3818534676336727
0.019905440064740706
6.47310422214328
0.13731143750452943
2.38675796343931
0.019915870483405658
6.449958239615312
0.13519788321119305
2.4091381113859547
0.01992195006371221
6.434148753965207
0.1342374444223501
2.416580036853997
0.019932641180363614
6.415998426507899
0.13292894855414011
2.4287077095071665
0.019942504317323646
6.400845266021907
0.13208258615714327
2.4347802775519187
0.019954738944527914
6.3853252497211805
0.13118403995846664
2.4416655245670693
0.01996737355790737
6.371091871781687
0.13047889438058144
2.446057966406748
0.01998152856141454
6.356921011007817
0.12978215589704234
2.4504719382781754
0.019996469049758915
6.343263133739229
0.12915936768306546
2.4540188115292336
0.02001257540991828
6.329622341379016
0.1285367535152472
2.4577165722090974
0.020029555048935003
6.3160750412440185
0.1279254567017829
2.461415813465724
0.020047526653441276
6.302388393306784
0.1272919585653368
2.465585165353602
0.02006636307908952
6.288534534925837
0.12663306674781485
2.4702724958504407
0.020086095089336804
6.274387750965044
0.12593189020657414
2.4757185955581424
0.02010666615889919
6.259901028227179
0.12518325335724223
2.482001607660041
0.020128085559566952
6.244999579753387
0.12437838078689137
2.4892533227219094
0.020150336272292124
6.229641590029806
0.12351350891654157
2.4975373743897817
0.020173433766329584
6.213779875042378
0.12258442565746468
2.506927475193968
0.020197391828498824
6.197382277532969
0.12158930387813155
2.5174667377339346
0.020222245388304586
6.1804174414634385
0.12052669235044418
2.5291968283148525
0.020248038542166755
6.162861102090132
0.11939636371306453
2.542145444600603
0.02027483380538868
6.144690510330339
0.11819853427628219
2.5563376833762024
0.02030270884315645
6.125885875080635
0.11693404940907898
2.571793057077457
0.02033176101066511
6.10642790157837
0.11560404871329805
2.5885303289667627
0.02036210786818125
6.086297635200636
0.1142099484154423
2.6065675691718946
0.020393890739200535
6.065475096979249
0.11275327302331575
2.62592458610513
0.02042727751690239
6.043938616811614
0.11123558866117035
2.646623854497288
0.020462467104951646
6.021663804005206
0.10965840095678288
2.6686921003703854
0.020499694533636627
5.998622674868368
0.10802308597644887
2.692161471372105
0.02053923766240371
5.9747826342900945
0.10633081759638444
2.717070894559709
0.02058142551707685
5.95010541831682
0.10458250722868666
2.743467374170556
0.020626648879367798
5.92454590370729
0.10277874739265175
2.7714073815308264
0.020675373661503484
5.898050780462638
0.10091976254987274
2.8009582885787205
0.02072815788552331
5.870557041314055
0.09900536648630802
2.8321998624881037
0.020785673297142954
5.841990257713474
0.09703492848914344
2.865225780813267
0.020848733006109774
5.81226260542506
0.09500735102211301
2.9001451066786457
0.02091832701110722
5.781270606901284
0.09292106335348363
2.9370836135174723
0.020995668117316516
5.748892561707185
0.09077403728913444
2.97618478956727
0.021082251642635372
5.714985646402601
0.08856383328778544
3.0176102717316344
0.02117993351815706
5.679382684630717
0.0862876877225805
3.0615393535644997
0.02129103300109477
5.641888626886633
0.08394265521097356
3.1081670720023795
0.021418468267307436
5.602276860255069
0.0815258245326652
3.1577001791950123
0.02156593547830833
5.5602856420364
0.07903463448524316
3.2103499991225566
0.021738143828495864
5.515615323014076
0.07646733043253355
3.2663206570329146
0.021941118568165042
5.46792779577225
0.07382362806178207
3.325790302831103
0.022182576205123004
5.416851103243846
0.0711056916693673
3.3888815796132166
0.022472350593004085
5.361994815798412
0.06831958444775116
3.4556158017015695
0.022822785958451698
5.302985932907239
0.0654773741323767
3.5258440032000182
0.023248884188574567
5.239539975124359
0.06259998758038889
3.5991499362756256
0.02376777716764822
5.171583809238972
0.05972053181245631
3.6747307048710947
0.024396841021518133
5.099435666193214
0.056886955047050526
3.7512863570061596
0.025149736937263797
5.024008343892024
0.0541617356975865
3.8269877976051494
0.026030403482246417
4.94693075517842
0.05161576971597143
3.8996133456188313
0.027026931726937847
4.87043225225397
0.04931561934247128
3.966893230686927
0.02810927387415594
4.796914092670882
0.047308174097805106
4.026964571276142
0.029234013072078926
4.728366139218479
0.04561056813565804
4.07872421465776
0.030354815252637998
4.665953414048345
0.04421068892854433
4.121914121281582
0.031432853194566845
4.609969536267778
0.043076427754693156
4.156951887711458
0.032442244222734985
4.560075003122146
0.0421673250161064
4.184649428597576
0.033369890919996224
4.515609915138464
0.04144351522237895
4.205957986586807
0.034212201288575765
4.475835882120694
0.04087047674022025
4.2218012142665895
0.03497131073348648
4.440071006020784
0.04042046574804993
4.232994464219767
0.035652173177221386
4.407741350478126
0.04007207798030267
4.240223184215477
0.03626079543006517
4.378383811689965
0.03980904641116316
4.244053216465568
0.03680338035112589
4.351626955408791
0.03961890677378363
4.244953993630571
0.0372860368327538
4.327165652562264
0.039491822508470234
4.243323575839521
0.03771477149344089
4.30473765770723
0.03941967160543754
4.239509974380278
0.03809556914485084
4.284105715397587
0.03939540630900918
4.233826561976246
0.038434450891514024