0.8211827200550095
0.9487998171245602
1.0505691548516787
1.135320158567141
1.2082703307463036
1.2725476795418975
1.3301614117559186
1.3824792513050355
1.4304759453921583
1.4748719983229621
1.51621596200861
1.5549357741550027
1.5913721618834449
1.6258011582813792
1.6584497434551841
1.6895069939367084
1.7191322106001559
1.7474609614869003
1.7746096530638924
1.8006790420513286
1.8257569708787644
1.8499205250713955
1.8732377539904548
1.8957690574279895
1.9175683134421169
1.9386838036237586
1.9591589781947207
1.9790330932930384
1.9983417453951564
2.0171173222993577
2.035389385929061
2.053184999042442
2.0705290054963807
2.0874442718228714
2.103951896398486
2.1200713913241462
2.135820841209918
2.1512170423225148
2.166275624961338
2.181011161450218
2.1954372617428244
2.2095666583219393
2.223411281811189
2.2369823285022763
2.2502903208220677
2.2633451616143234
2.27615618298692
2.2887321903700255
2.3010815023429148
2.3132119867121705
2.3251310932605613
2.336845883532139
2.3483630579723416
2.359688980703001
2.370829702177387
2.3817909799314005
2.39257829762163
2.403196882518935
2.4136517216065383
2.4239475764160296
2.4340889967188484
2.4440803331787584
2.453925749059509
2.4636292310720593
2.4731945994364746
2.482625517226864
2.491925499060168
2.501097919184155
2.510146019013736
2.5190729141611716
2.527881601000685
2.5365749628040017
2.545155775480933
2.5536267129550883
2.5619903522024146
2.5702491779781185
2.578405587255063
2.5864618933944685
2.59442033006819
2.602283054951033
2.6100521531983882
2.6177296407243222
2.6253174672943356
2.6328175194449153
2.640231623241771
2.6475615468866796
2.654809003184397
2.661975651876809
2.6690631018546545
2.6760729132532033
2.6830065994399876
2.689865628900056
2.6966514270277857
2.7033653778271325
2.710008825528394
2.716583076126915
2.723089398845194
2.729529027526499
2.735903161961388
2.7422129691523565
2.748459584519606
2.754644113050141
2.760767630396554
2.7668311839236934
2.772835793710577
2.7787824535060843
2.7846721316440295
2.790505771917647
2.7962842944165116
2.802008596327185
2.8076795527010634
2.8132980171895694
2.8188648227469955
2.824380782307641
2.8298466894321344
2.8352633189292336
2.840631427452793
2.845951754072767
2.8512250208270853
2.8564519332487066
2.861633180874207
2.8667694377313073
2.8718613628085414
2.876909600508095
2.881914781078648
2.8868775210350734
2.8917984235615455
2.896678078898229
2.9015170647170025
2.906315946480506
2.9110752777904962
2.9157956007219332
2.9204774461467196
2.9251213340457425
2.9297277738091543
2.934297264527113
2.938830295270748
2.943327345361589
2.947788884636069
2.9522153736948997
2.956607264150373
2.9609649988606876
2.9652890121609117
2.9695797300811133
2.973837570562116
2.9780629436624704
2.982256251757504
2.986417889734646
2.990548245180153
2.9946476985614177
2.998716623403317
3.0027553864591567
3.0067643478751287
3.010743861351321
3.014694274297584
3.0186159279836424
3.022509157685493
3.026374292828475
3.030211657121592
3.03402156869594
3.0378043402308115
3.0415602790799046
3.0452896873954787
3.0489928622452136
3.0526700957287285
3.056321675088782
3.0599478828209454
3.063548996777749
3.067125290273797
3.070677032185448
3.0742044870452205
3.0777079151401168
3.081187572601506
3.0846437114938525
3.088076579904629
3.091486422027159
3.0948734782412144
3.098237985196998
3.101580175890506
3.104900279741946
3.108198522667699
3.1114751271521195
3.1147303123214485
3.1179642940069225
3.1211772848171426
3.1243694941988474
3.127541128501642
3.1306923910403137
3.1338234821552464
3.136934599270637
3.140025936950352
3.143097686956541
3.146150038302401
3.1491831773048182
3.1521972876394098
3.155192550387811
3.158169144086777
3.161127244779804
3.164067026060262
3.1669886591208316
3.169892312796465
3.172778153607904
3.1756463458059208
3.178497051411298
3.1813304302578898
3.1841466400308684
3.1869458363049707
3.1897281725850695
3.192493800340924
3.1952428690456824
3.197975526211369
3.2006919174204103
3.2033921863620183
3.2060764748685924
3.2087449229413307
3.2113976687874346
3.2140348488478687
3.216656597833672
3.219263048744977
3.2218543329118727
3.2244305800142685
3.226991918116027
3.229538473685139
3.2320703716303143
3.234587735314305
3.2370906865941658
3.239579345831967
3.242053831929369
3.244514262350064
3.2469607531401077
3.2493934189494453
3.251812373060865
3.254217727407808
3.256609592598483
3.258988077934314
3.2613532914307872
3.2637053398401386
3.2660443286722547
3.2683703622079747
3.2706835435257346
3.27298397451757
3.275271755906511
3.2775469872621446
3.2798097670258035
3.2820601925238755
3.284298359981456
3.2865243645431055
3.2887383002891735
3.290940260252676
3.2931303364299596
3.2953086198011285
3.297475200348161
3.299630167057948
3.301773607947941
3.3039056100804016
3.3060262595677283
3.3081356415958543
3.310233840430066
3.3123209394336004
3.314397021079177
3.316462166961246
3.3185164578106314
3.3205599735024043
3.3225927930716233
3.324614994724586
3.3266266558533495
3.3286278530435056
3.330618662079885
3.332599157973696
3.3345694149595153
3.3365295065064036
3.3384795053394822
3.34041948343853
3.342349512055568
3.3442696617223704
3.346180002255002
3.3480806027774
3.3499715317120775
3.3518528568056056
3.353724645130212
3.355586963092154
3.3574398764464757
3.3592834502989954
3.361117749113105
3.362942836735425
3.3647587763777813
3.366565630647042
3.368363461541375
3.3701523304631764
3.371932298228218
3.373703425062693
3.3754657706243316
3.377219394003866
3.378964353732157
3.3807007077837667
3.382428513589818
3.3841478280475066
3.3858587075148217
3.3875612078304815
3.3892553843063773
3.3909412917540505
3.3926189844690935
3.394288516251757
3.3959499404131344
3.397603309766584
3.399248676655285
3.4008860929399045
3.4025156100170526
3.40413727881156
3.405751149799322
3.4073572729975528
3.408955697975732
3.4105464738690836
3.4121296493673854
3.41370527273497
3.4152733918054636
3.416834053992726
3.4183873062987344
3.419933195309153
3.4214717672054946
3.4230030677676457
3.4245271423772596
3.42604403602348
3.4275537933112434
3.42905645845842
3.430552075297119
3.4320406873055784
3.433522337573702
3.4349970688278346
3.4364649234399844
3.437925943419747
3.4393801704173095
3.440827645744293
3.4422684103556844
3.4437025048778502
3.4451299695859525
3.4465508444276147
3.4479651690189494
3.449372982646792
3.450774324277542
3.452169232556205
3.453557745815009
3.4549399020671534
3.456315739025051
3.457685294080515
3.459048604342477
3.4604057066045546
3.461756637370942
3.463101432853808
3.4644401289705464
3.465772761355184
3.467099365360813
3.4684199760560155
3.4697346282246095
3.4710433563930123
3.472346194806996
3.473643177433329
3.474934337990414
3.4762197099187437
3.477499326412113
3.478773220392653
3.4800414245317985
3.4813039712573013
3.482560892731424
3.483812220881241
3.4850579873836045
3.486298223676515
3.4875329609492742
3.4887622301672145
3.4899860620519334
3.4912044870902488
3.4924175355472906
3.493625237455958
3.494827622613338
3.496024720614578
3.497216560814495
3.4984031723534867
3.4995845841632955
3.500760824953529
3.501931923225113
3.5030979072626165
3.504258805140196
3.5054146447418466
3.5065654537333484
3.5077112595812565
3.508852089548557
3.5099879707076957
3.511118929927095
3.5122449938835905
3.513366189061172
3.5144825417506818
3.515594078061333
3.5167008239061532
3.517802805015904
3.5189000469380125
3.5199925750345833
3.521080414492355
3.5221635903258726
3.523242127356254
3.5243160502366373
3.5253853834528552
3.5264501513075905
3.527510377942367
3.528566087334853
3.5296173032699683
3.5306640493990056
3.5317063491852125
3.5327442259423627
3.5337777028186093
3.5348068028061332
3.535831548727517
3.5368519632608786
3.5378680689219695
3.5388798880809715
3.5398874429447393
3.5408907555746807
3.5418898478839096
3.5428847416289475
3.5438754584319683
3.544862019752628
3.5458444469336885
3.5468227611363283
3.54779698340795
3.548767134649582
3.5497332356180054
3.550695306935395
3.5516533690846233
3.55260744241637
3.553557547131751
3.5545037033276903
3.555445930940137
3.5563842497919724
3.5573186795610927
3.5582492398124215
3.5591759499732314
3.5600988293435942
3.561017897101691
3.5619331722980037
3.562844673874392
3.563752420620148
3.564656431219939
3.565556724255549
3.566453318157148
3.567346231256759
3.568235481772353
3.5691210877746014
3.5700030672667857
3.5708814380958236
3.571756218018311
3.572627424670203
3.5734950755774837
3.5743591881569565
3.5752197797090863
3.576076867432911
3.576930468416464
3.5777805996409473
3.5786272779869486
3.5794705202195676
3.5803103430036947
3.581146762899294
3.5819797963691835
3.5828094597768674
3.5836357693693026
3.5844587412999918
3.585278391630027
3.5860947363225626
3.5869077912249336
3.587717572108107
3.588524094638229
3.5893273743813663
3.590127426815645
3.590924267327981
3.591717911196691
3.5925083736242356
3.5932956697099776
3.5940798144786834
3.594860822836628
3.5956387096362032
3.5964134895981354
3.597185177394819
3.5979537875920315
3.5987193346607635
3.599481833006378
3.6002412969365523
3.6009977406682268
3.601751178352836
3.6025016240345455
3.6032490916941367
3.6039935952189173
3.6047351484293
3.605473765032506
3.606209458692298
3.6069422429735276
3.607672131364187
3.6083991372663347
3.609123274030204
3.609844554889665
3.6105629930345504
3.6112786015646754
3.6119913934914805
3.612701381785558
3.613408579318511
3.614112998879675
3.6148146532094803
3.6155135549462396
3.616209716695459
3.616903150950597
3.617593870160387
3.6182818866929582
3.6189672128350727
3.619649860831773
3.6203298428243014
3.621007170920052
3.621681857123791
3.622353913408373
3.623023351642218
3.6236901836540394
3.6243544212060126
3.6250160759732313
3.625675159582951
3.626331683589356
3.6269856594938408
3.6276370987150806
3.6282860126307064
3.628932412523914
3.6295763096624603
3.6302177152033916
3.63085664026617
3.6314930959130205
3.6321270931305065
3.6327586428502885
3.6333877559491503
3.6340144432468127
3.634638715488565
3.63526058338186
3.6358800575451564
3.636497148576079
3.637111866994148
3.6377242232585942
3.6383342277762636
3.638941890907888
3.639547222942055
3.6401502341201333
3.6407509346262397
3.6413493346040564
3.641945444104797
3.64253927317285
3.643130831764574
3.6437201298041613
3.6443071771417364
3.6448919835986726
3.6454745589227553
3.6460549128186
3.646633054954915
3.6472089949165625
3.6477827422646056
3.648354306492865
3.648923697060208
3.6494909233654886
3.650055994756869
3.6506189205473523
3.651179709985796
3.651738372262134
3.6522949165542764
3.652849351967029
3.6534016875507427
3.6539519323316547
3.654500095279328
3.6550461853014258
3.655590211278217
3.656132182043935
3.6566721063800474
3.6572099930143445
3.6577458506462164
3.658279687926689
3.658811513455887
3.6593413357952183
3.6598691634598546
3.66039500490307
3.660918868583733
3.661440762868564
3.66196069608848
3.6624786765705206
3.6629947125462614
3.6635088122487067
3.6640209838507647
3.6645312354700526
3.665039575208548
3.665546011111685
3.666050551188125
3.666553203415626
3.667053975715143
3.6675528759708924
3.668049912040362
3.6685450917251927
3.669038422807879
3.669529913007107
3.6700195700347695
3.6705074015200116
3.670993415099147
3.671477618341073
3.671960018788057
3.67244062394403
3.672919441267136
3.673396478208435
3.6738717421427416
3.6743452404299655
3.6748169803877984
3.675286969293402
3.675755214403743
3.676221722927978
3.676686502049752
3.6771495589007444
3.6776109005849356
3.678070534179547
3.678528466721478
3.678984705223756
3.6794392566312544
3.679892127879528
3.6803433258861387
3.6807928575120314
3.6812407295981617
3.6816869489273167
3.6821315222691697
3.6825744563853493
3.6830157579386515
3.6834554336393888
3.683893490092099
3.6843299339135984
3.684764771690011
3.685198009946278
3.6856296552121703
3.6860597139417712
3.6864881926053985
3.6869150976122014
3.6873404353622283
3.68776421219776
3.6881864344451123
3.688607108410325
3.6890262403492002
3.689443836511848
3.6898599030946886
3.690274446288872
3.6906874722307714
3.6910989870400672
3.6915089967975443
3.691917507598998
3.692324525443243
3.6927300563547036
3.693134106305987
3.6935366812408224
3.693937787084114
3.694337429722441
3.6947356150372017
3.695132348849869
3.695527636977219
3.6959214852020996
3.6963138992844704
3.6967048849559183
3.6970944479095333
3.6974825938342826
3.697869328365681
3.6982546571411588
3.698638585763985
3.6990211197861464
3.699402264766844
3.6997820262247774
3.7001604096489222
3.7005374205304715
3.700913064291167
3.7012873463604885
3.701660272130794
3.702031846983485
3.702402076249188
3.702770965250251
3.703138519295019
3.703504743651012
3.7038696435614735
3.7042332242454195
3.704595490923079
3.70495644876173
3.7053161029110635
3.705674458502188
3.7060315206537786
3.706387294432525
3.706741784918196
3.707094997113753
3.7074469360867335
3.7077976067811016
3.7081470142014092
3.7084951632652996
3.7088420589231266
3.7091877060705976
3.7095321095857496
3.7098752743160803
3.710217205122579
3.710557906802223
3.7108973841622412
3.7112356419652106
3.7115726849696244
3.71190851790925
3.712243145481157
3.712576572372133
3.7129088032504027
3.7132398427840543
3.713569695582238
3.713898366237701
3.7142258593701745
3.7145521795104814
3.7148773312175334
3.7152013190087882
3.7155241473980363
3.7158458208602076
3.716166343868233
3.7164857208549402
3.7168039562664448
3.7171210544933966
3.7174370199210482
3.7177518569162498
3.7180655698516762
3.718378163022053
3.7186896407561667
3.719000007326205
3.719309267029471
3.719617424117064
3.7199244828102955
3.72023044733954
3.7205353218890496
3.7208391106400605
3.721141817775232
3.7214434474197833
3.7217440037054463
3.722043490731812
3.7223419125934343
3.7226392733760636
3.7229355771206216
3.7232308278704966
3.7235250296440188
3.723818186442236
3.7241103022484263
3.724401381035842
3.7246914267510136
3.724980443335833
3.7252684346951597
3.7255554047344446
3.725841357346473
3.7261262963886908
3.7264102257167737
3.726693149160147
3.726975070537403
3.72725599364845
3.7275359222911466
3.727814860217854
3.728092811189315
3.7283697789316803
3.728645767175876
3.728920779627844
3.729194819977335
3.7294678918991457
3.729739999047472
3.7300111450614852
3.730281333578484
3.730550568189635
3.73081885252311
3.731086190136354
3.7313525845967512
3.7316180394733873
3.7318825582847657
3.7321461445582487
3.73240880179235
3.7326705335114605
3.73293134314338
3.7331912341951807
3.7334502100913185
3.7337082742655774
3.733965430136483
3.734221681115339
3.734477030587093
3.7347314819441926
3.734985038523392
3.7352377037078925
3.735489480787901
3.735740373110989
3.7359903839846944
3.736239516690483
3.736487774521118
3.7367351607362074
3.7369816785758614
3.7372273313004096
3.7374721221107774
3.737716054245694
3.7379591308806726
3.7382013552090236
3.7384427304077485
3.7386832596360176
3.7389229460294473
3.7391617927220526
3.7393998028479296
3.7396369794995716
3.739873325761306
3.740108844748966
3.740343539508988
3.740577413095816
3.740810468552545
3.7410427089220244
3.741274137227147
3.741504756451821
3.741734569615435
3.741963579681121
3.7421917896220163
3.742419202402845
3.7426458209576707
3.7428716482335966
3.743096687151498
3.7433209406056487
3.743544411503341
3.7437671027297936
3.7439890171629377
3.7442101576585864
3.7444305270879537
3.7446501282580416
3.7448689640259953
3.7450870371788443
3.745304350560091
3.7455209069201634
3.7457367090782876
3.7459517597857253
3.746166061799507
3.746379617872513
3.7465924307586094
3.7468045031666173
3.7470158378209244
3.747226437397906
3.7474363046486765
3.7476454422037944
3.7478538527603638
3.748061538972898
3.7482685034906433
3.7484747489629435
3.7486802780063524
3.7488850932470976
3.749089197303717
3.749292592753609
3.7494952821956997
3.749697268212917
3.7498985533548455
3.7500991402120056
3.7502990312859126
3.7504982291389335
3.750696736299785
3.75089455528102
3.751091688569644
3.7512881386883583
3.751483908130226
3.7516789993336825
3.7518734147963717
3.752067156969465
3.752260228288836
3.752452631206514
3.752644368146463
3.7528354415187
3.753025853747899
3.7532156072161342
3.7534047043147654
3.7535931474391373
3.753780938949559
3.75396808119328
3.754154576537027
3.7543404273395153
3.7545256359059467
3.7547102045802556
3.754894135662203
3.7550774314801676
3.7552600943057577
3.7554421264428126
3.7556235301636858
3.755804307736235
3.7559844614326656
3.7561639935019997
3.75634290617571
3.7565212017050214
3.7566988823077403
3.7568759501981304
3.7570524075931546
3.757228256690611
3.75740349967957
3.757578138749233
3.7577521760532835
3.7579256137901167
3.758098454085881
3.7582706991110437
3.7584423509899767
3.7586134118780046
3.75878388386773
3.7589537691038504
3.759123069685523
3.7592917877045537
3.759459925259069
3.759627484421126
3.7597944672859573
3.7599608759033405
3.7601267123409876
3.760291978654582
3.7604566768663523
3.7606208090419093
3.7607843771839202
3.7609473833234928
3.761109829469104
3.7612717176112715
3.7614330497722435
3.7615938279344947
3.761754054070713
3.761913730147735
3.7620728581508875
3.7622314400155665
3.7623894777161793
3.76254697318509
3.7627039283476655
3.7628603451523652
3.7630162254951562
3.763171571309301
3.763326384503891
3.7634806669612835
3.763634420596428
3.763787647263394
3.76394034884263
3.7640925272466688
3.7642441842885845
3.764395321850969
3.7645459417683953
3.7646960458801386
3.7648456360424696
3.764994714072987
3.7651432817919925
3.765291340988269
3.765438893513929
3.7655859411353205
3.765732485645779
3.7658785288469994
3.7660240725242233
3.7661691184296635
3.766313668342454
3.766457724016582
3.7666012872092036
3.766744359655436
3.7668869431047267
3.7670290392909807
3.7671706499340387
3.7673117767556485
3.767452421454978
3.767592585781199
3.7677322713781765
3.7678714799846174
3.7680102132706277
3.7681484728970145
3.768286260580149
3.768423577957218
3.768560426702787
3.768696808477641
3.7688327249243647
3.7689681776792883
3.7691031683722254
3.76923769866619
3.7693717701598373
3.7695053844840274
3.7696385432449713
3.769771248041353
3.7699035004970436
3.7700353021772823
3.770166654705403
3.7702975596293866
3.7704280185545374
3.770558033029724
3.770687604625369
3.7708167349012403
3.77094542543307
3.7710736777340568
3.7712014933639257
3.771328873861786
3.771455820739699
3.771582335540733
3.7717084197736854
3.771834074944545
3.7719593025932268
3.772084104183421
3.772208481229334
3.7723324352129763
3.7724559676308806
3.772579079947241
3.772701773654272
3.7728240502202315
3.772945911077221
3.773067357735874
3.7731883915897297
3.7733090141330967
3.7734292267809266
3.7735490309629616
3.773668428149515
3.7737874197198082
3.7739060071344035