0.694549256992326
0.6990724698977513
0.7072330403220097
0.7195405451063813
0.7364615390951176
0.7583805849206716
0.7855658544364178
0.8181465562441449
0.8561068763170124
0.8992968123655262
0.9474561339082157
1.0002453604142345
1.0572776040235419
1.1181467232773805
1.1824493963540401
1.2498005916348933
1.319843115911105
1.3922524688698354
1.4667383192069294
1.543043754864242
1.6209432053052866
1.7002396792015442
1.780761747541205
1.8623605406124863
1.9449069132765746
2.0282888568173982
2.1124091873678537
2.197183511934129
2.2825384568696903
2.368410135647099
2.4547428297720035
2.541487856595945
2.6286025992825466
2.7160496764436273
2.8037962314929854
2.8918133242931265
2.980075410033748
3.068559892420124
3.1572467401494415
3.246118157270921
3.33515829949335
3.4243530296104354
3.5136897064279675
3.6031570021465105
3.692744744461921
3.7824437790805034
3.8722458508085302
3.962143499837311
4.052129970947686
4.142199134849144
4.232345419898083
4.322563749284344
4.412849490384936
4.5031984055268595
4.593606612559467
4.6840705484563285
4.774586943640981
4.86515277680643
4.955765244277063
5.0464218157879
5.1371200594733315
5.22785784152677
5.318633108450908
5.409443780969072
5.500288352496562
5.591164675351459
5.682071819252013
5.773007326062539
5.8639725271055285
5.954962677885398
6.04597835489014
6.137022758573489
6.228084152787202
6.319167039941496
6.4102739687945824
6.501381137421978
6.592543126854275
6.6836982405626095
6.774953924946292
6.866054836159726
6.957328588386731
7.048668811454487
7.139340718782632
7.231064791724146
7.321867244560184
7.413954780546563
7.504455805558661
nan
nan
nan
nan
nan
nan
nan
nan
nan
nan
nan
nan
nan