2.4752626544003515
2.124818790281128
1.9237665407761675
1.7836015008279809
1.6767228667054197
1.5908656175606168
1.5194958978513562
1.4587167368964429
1.406015774819183
1.3596781049103643
1.3184807428267757
1.2815207224744907
1.2481122938672817
1.2177223559209294
1.1899282343381992
1.1643891223277916
1.1408261994259203
1.1190084443443742
1.0987422902922126
1.0798639376833683
1.062233544800623
1.0457307713215072
1.0302513133084905
1.015704176118564
1.0020095042543733
0.9890968369390695
0.9769036929100539
0.9653744125257776
0.954459202963675
0.9441133451690646
0.9342965307134342
0.9249723038038407
0.9161075890229002
0.9076722894405128
0.8996389428573343
0.8919824263553454
0.8846797012163276
0.8777095917519292
0.8710525927634897
0.8646907012862194
0.8586072690236515
0.8527868724846572
0.8472151983274868
0.8418789418168916
0.836765716629738
0.8318639745159475
0.8271629335462951
0.8226525138654355
0.8183232800245489
0.814166389098776
0.8101735439046889
0.8063369507260003
0.8026492810345233
0.7991036367604027
0.7956935187228249
0.7924127978813459
0.7892556891100015
0.7862167272325196
0.783290745088196
0.7804728534250123
0.7777584224400454
0.7751430648076242
0.7726226200534867
0.770193140148765
0.7678508762112438
0.765592266213324
0.7634139236066488
0.7613126267826447
0.7592853092964271
0.7573290507887959
0.7554410685474781
0.753618709654502
0.7518594436716834
0.7501608558207411
0.7485206406186163
0.7469365959321997
0.7454066174199151
0.7439286933305291
0.742500899632173
0.7411213954469215
0.7397884187683973
0.7385002824417888
0.7372553703873983
0.7360521340504071
0.7348890890609635
0.7337648120899882
0.732677937887259
0.7316271564894018
0.7306112105863852
0.7296288930359933
0.7286790445165588
0.7277605513089748
0.7268723431996749
0.7260133914968818
0.7251827071529975
0.724379338986515
0.723602371997311
0.7228509257696163
0.7221241529573544
0.7214212378469156
0.7207413949927695
0.7200838679216295
0.7194479279011807
0.718832872769638
0.7182380258226584
0.717662734754352
0.7171063706493547
0.7165683270231128
0.7160480189077201
0.7155448819808089
0.7150583717351597
0.7145879626868321
0.7141331476197617
0.7136934368648882
0.713268357612
0.7128574532525884
0.7124602827521048
0.7120764200501132
0.7117054534869125
0.7113469852552939
0.7110006308761657
0.7106660186968596
0.7103427894109958
0.710030595598844
0.7097291012871849
0.7094379815277253
0.7091569219931723
0.7088856185901271
0.7086237770879963
0.7083711127631678
0.7081273500577353
0.7078922222520954
0.7076654711507755
0.7074468467808864
0.7072361071026203
0.707033017731253
0.7068373516701251
0.7066488890541183
0.7064674169031537
0.7062927288852717
0.7061246250888702
0.7059629118037027
0.7058074013102545
0.7056579116771353
0.7055142665661431
0.7053762950446727
0.7052438314051572
0.7051167149912428
0.7049947900304177
0.7048779054728225
0.704765914835988
0.7046586760552523
0.7045560513396261
0.7044579070328826
0.7043641134796602
0.7042745448963734
0.7041890792467408
0.7041075981217427
0.7040299866238341
0.7039561332552424
0.7038859298101905
0.703819271270889
0.7037560557071534
0.7036961841795009
0.7036395606455962
0.7035860918699163
0.7035356873365077
0.7034882591647249
0.7034437220278281
0.7034019930743403
0.7033629918520534
0.7033266402345902
0.7032928623504205
0.703261584514245
0.7032327351606573
0.7032062447800022
0.7031820458563447
0.7031600728074815
0.7031402619269096
0.7031225513276921
0.7031068808881447
0.7030931921992821
0.7030814285139595
0.7030715346976495
0.7030634571807961
0.7030571439126901
0.7030525443168131
0.703049609247598
0.7030482909485559
0.7030485430117234
0.7030503203383842
0.7030535791010195
0.7030582767064475
0.7030643717601086
0.7030718240314603
0.7030805944204407
0.7030906449249668
0.7031019386094326
0.7031144395741713
0.7031281129258524
0.7031429247487798
0.7031588420770625
0.7031758328676279
0.7031938659740519
0.7032129111211756
0.703232938880486
0.703253920646234
0.7032758286122665
0.7032986357495479
0.7033223157843511
0.7033468431770944
0.7033721931018043
0.703398341426184
0.7034252646922688
0.7034529400976485
0.7034813454772401
0.7035104592855924
0.7035402605797066
0.7035707290023558
0.7036018447658883
0.7036335886364988
0.7036659419189556
0.7036988864417647
0.7037324045427623
0.7037664790551191
0.703801093293746
0.7038362310420867
0.7038718765392868
0.7039080144677288
0.7039446299409171
0.7039817084917109
0.7040192360608848
0.7040571989860147
0.7040955839906752
0.7041343781739402
0.7041735690001785
0.7042131442891337
0.7042530922062816
0.7042934012534567
0.7043340602597384
0.7043750583725905
0.704416385049247
0.7044580300483346
0.7044999834217285
0.7045422355066309
0.7045847769178687
0.7046275985404021
0.7046706915220388
0.7047140472663481
0.7047576574257683
0.7048015138949026
0.7048456088039973
0.7048899345125976
0.7049344836033763
0.7049792488761286
0.7050242233419325
0.7050694002174626
0.705114772919462
0.7051603350593615
0.7052060804380424
0.7052520030407432
0.7052980970321008
0.7053443567513252
0.705390776707505
0.7054373515750372
0.7054840761891783
0.7055309455417177
0.7055779547767623
0.7056250991866364
0.7056723742078901
0.7057197754174127
0.7057672985286507
0.7058149393879255
0.7058626939708489
0.7059105583788338
0.7059585288356958
0.7060066016843476
0.7060547733835772
0.7061030405049137
0.7061513997295745
0.7061998478454932
0.7062483817444258
0.7062969984191332
0.7063456949606371
0.7063944685555489
0.7064433164834677
0.7064922361144474
0.7065412249065302
0.7065902804033429
0.7066394002317594
0.7066885820996215
0.7067378237935199
0.7067871231766346
0.7068364781866306
0.7068858868336079
0.7069353471981065
0.7069848574291622
0.7070344157424142
0.7070840204182609
0.7071336698000648
0.7071833622924029
0.7072330963593644
0.7072828705228907
0.7073326833611612
0.7073825335070179
0.7074324196464333
0.7074823405170182
0.7075322949065667
0.7075822816516402
0.7076322996361889
0.707682347790207
0.7077324250884248
0.7077825305490345
0.7078326632324484
0.7078828222400895
0.7079330067132146
0.7079832158317672
0.7080334488132598
0.7080837049116866
0.7081339834164633
0.7081842836513947
0.7082346049736709
0.708284946772886
0.7083353084700867
0.7083856895168427
0.7084360893943421
0.7084865076125111
0.7085369437091555
0.7085873972491264
0.7086378678235058
0.7086883550488141
0.7087388585662393
0.7087893780408859
0.7088399131610417
0.7088904636374669
0.7089410292027
0.7089916096103817
0.7090422046345978
0.7090928140692384
0.7091434377273743
0.7091940754406504
0.7092447270586936
0.709295392448538
0.7093460714940646
0.7093967640954556
0.7094474701686635
0.709498189644894
0.7095489224701035
0.7095996686045082
0.7096504280221089
0.7097012007102249
0.7097519866690446
0.7098027859111844
0.7098535984612616
0.709904424355478
0.7099552636412144
0.7100061163766375
0.7100569826303148
0.7101078624808428
0.7101587560164827
0.7102096633348083
0.7102605845423615
0.7103115197543183
0.7103624690941635
0.7104134326933744
0.7104644106911133
0.7105154032339283
0.7105664104754619
0.7106174325761686
0.7106684697030395
0.7107195220293349
0.7107705897343236
0.7108216730030316
0.7108727720259943
0.7109238869990191
0.7109750181229528
0.7110261656034554
0.7110773296507816
0.7111285104795674
0.7111797083086225
0.7112309233607303
0.7112821558624517
0.7113334060439348
0.7113846741387326
0.7114359603836214
0.7114872650184291
0.7115385882858649
0.7115899304313565
0.7116412917028909
0.7116926723508593
0.7117440726279082
0.7117954927887933
0.7118469330902392
0.7118983937908019
0.7119498751507365
0.7120013774318684
0.7120529008974685
0.7121044458121323
0.712156012441662
0.712207601052954
0.7122592119138874
0.7123108452932182
0.712362501460476
0.7124141806858625
0.7124658832401563
0.7125176093946175
0.7125693594208983
0.7126211335909531
0.7126729321769555
0.7127247554512143
0.7127766036860947
0.712828477153941
0.7128803761270025
0.712932300877361
0.7129842516768621
0.713036228797047
0.7130882325090887
0.7131402630837288
0.7131923207912176
0.7132444059012552
0.7132965186829356
0.7133486594046928
0.7134008283342482
0.7134530257385608
0.713505251883778
0.7135575070351892
0.713609791457182
0.7136621054131974
0.7137144491656894
0.713766822976085
0.7138192271047452
0.7138716618109298
0.7139241273527601
0.7139766239871872
0.7140291519699579
0.7140817115555851
0.7141343029973165
0.7141869265471086
0.7142395824555969
0.7142922709720724
0.7143449923444553
0.7143977468192723
0.7144505346416341
0.7145033560552143
0.7145562113022286
0.7146091006234161
0.7146620242580211
0.714714982443776
0.714767975416885
0.7148210034120086
0.7148740666622493
0.7149271653991385
0.7149802998526232
0.7150334702510545
0.715086676821176
0.7151399197881151
0.715193199375371
0.7152465158048079
0.7152998692966462
0.7153532600694554
0.7154066883401464
0.7154601543239667
0.7155136582344939
0.7155672002836314
0.7156207806816043
0.7156743996369549
0.7157280573565404
0.7157817540455301
0.7158354899074024
0.7158892651439447
0.7159430799552513
0.7159969345397231
0.7160508290940673
0.7161047638132976
0.7161587388907353
0.7162127545180101
0.7162668108850613
0.7163209081801406
0.7163750465898134
0.7164292262989619
0.7164834474907882
0.716537710346817
0.7165920150469005
0.7166463617692208
0.7167007506902953
0.7167551819849801
0.7168096558264768
0.7168641723863356
0.7169187318344613
0.7169733343391194
0.7170279800669415
0.7170826691829314
0.7171374018504718
0.71719217823133
0.7172469984856656
0.717301862772037
0.7173567712474083
0.7174117240671569
0.7174667213850808
0.717521763353407
0.7175768501227976
0.7176319818423595
0.717687158659652
0.7177423807206947
0.7177976481699756
0.717852961150461
0.7179083198036025
0.7179637242693471
0.7180191746861445
0.7180746711909581
0.7181302139192726
0.7181858030051029
0.718241438581005
0.7182971207780836
0.7183528497260026
0.7184086255529937
0.7184644483858671
0.7185203183500202
0.7185762355694475
0.7186322001667502
0.7186882122631466
0.7187442719784813
0.7188003794312353
0.718856534738536
0.7189127380161666
0.7189689893785776
0.7190252889388946
0.7190816368089304
0.7191380330991939
0.7191944779189006
0.7192509713759825
0.7193075135770985
0.7193641046276446
0.7194207446317632
0.7194774336923547
0.7195341719110866
0.7195909593884038
0.719647796223539
0.719704682514523
0.7197616183581943
0.71981860385021
0.7198756390850553
0.7199327241560537
0.7199898591553776
0.7200470441740582
0.7201042793019949
0.7201615646279668
0.720218900239641
0.7202762862235842
0.7203337226652717
0.7203912096490979
0.7204487472583859
0.7205063355753976
0.7205639746813435
0.7206216646563932
0.7206794055796838
0.7207371975293312
0.7207950405824388
0.7208529348151083
0.720910880302448
0.7209688771185837
0.7210269253366678
0.7210850250288887
0.7211431762664804
0.7212013791197329
0.7212596336580002
0.7213179399497103
0.7213762980623752
0.7214347080625996
0.7214931700160898
0.7215516839876641
0.7216102500412606
0.7216688682399475
0.7217275386459318
0.7217862613205677
0.7218450363243667
0.721903863717006
0.721962743557337
0.7220216759033949
0.7220806608124073
0.7221396983408023
0.722198788544218
0.7222579314775108
0.7223171271947642
0.7223763757492968
0.7224356771936719
0.7224950315797041
0.7225544389584695
0.7226138993803135
0.7226734128948582
0.722732979551012
0.7227925993969767
0.7228522724802563
0.7229119988476643
0.7229717785453327
0.7230316116187191
0.7230914981126151
0.7231514380711541
0.7232114315378187
0.7232714785554489
0.7233315791662498
0.7233917334117989
0.7234519413330533
0.7235122029703591
0.7235725183634562
0.7236328875514878
0.7236933105730067
0.723753787465983
0.7238143182678116
0.7238749030153184
0.7239355417447694
0.7239962344918749
0.7240569812917995
0.7241177821791672
0.7241786371880694
0.7242395463520704
0.7243005097042162
0.7243615272770396
0.7244225991025679
0.724483725212329
0.7245449056373582
0.7246061404082053
0.7246674295549399
0.7247287731071598
0.7247901710939951
0.7248516235441165
0.7249131304857405
0.7249746919466362
0.725036307954131
0.7250979785351176
0.7251597037160595
0.7252214835229972
0.7252833179815539
0.7253452071169424
0.7254071509539698
0.7254691495170448
0.725531202830182
0.7255933109170088
0.7256554738007709
0.7257176915043373
0.7257799640502071
0.7258422914605139
0.7259046737570325
0.7259671109611837
0.7260296030940394
0.7260921501763291
0.7261547522284444
0.7262174092704444
0.7262801213220618
0.7263428884027064
0.7264057105314726
0.7264685877271425
0.726531520008192
0.7265945073927959
0.7266575498988322
0.7267206475438883
0.7267838003452645
0.7268470083199798
0.7269102714847768
0.7269735898561258
0.7270369634502303
0.7271003922830314
0.7271638763702121
0.727227415727203
0.7272910103691855
0.7273546603110977
0.7274183655676385
0.7274821261532709
0.7275459420822286
0.7276098133685184
0.727673740025926
0.7277377220680197
0.7278017595081545
0.7278658523594771
0.7279300006349291
0.727994204347252
0.7280584635089913
0.7281227781325003
0.7281871482299437
0.7282515738133034
0.72831605489438
0.7283805914847995
0.7284451835960146
0.7285098312393106
0.7285745344258084
0.7286392931664682
0.7287041074720942
0.728768977353337
0.7288339028206985
0.7288988838845353
0.728963920555062
0.7290290128423554
0.7290941607563578
0.7291593643068803
0.7292246235036072
0.7292899383560983
0.7293553088737943
0.7294207350660173
0.7294862169419778
0.729551754510775
0.7296173477814022
0.7296829967627491
0.7297487014636055
0.7298144618926644
0.729880278058526
0.7299461499696992
0.730012077634607
0.7300780610615882
0.7301441002589006
0.7302101952347253
0.7302763459971682
0.7303425525542643
0.7304088149139804
0.7304751330842173
0.7305415070728146
0.730607936887552
0.7306744225361529
0.7307409640262873
0.7308075613655747
0.7308742145615871
0.7309409236218515
0.7310076885538531
0.7310745093650378
0.7311413860628153
0.7312083186545616
0.7312753071476217
0.7313423515493128
0.7314094518669263
0.7314766081077309
0.7315438202789754
0.7316110883878909
0.7316784124416933
0.7317457924475868
0.7318132284127651
0.7318807203444159
0.7319482682497211
0.7320158721358606
0.7320835320100154
0.7321512478793685
0.7322190197511085
0.7322868476324316
0.732354731530544
0.7324226714526647
0.7324906674060274
0.7325587193978828
0.7326268274355013
0.7326949915261755
0.7327632116772217
0.732831487895983
0.7328998201898312
0.732968208566169
0.7330366530324325
0.7331051535960927
0.7331737102646594
0.733242323045681
0.7333109919467489
0.733379716975498
0.73344849813961
0.7335173354468149
0.733586228904893
0.7336551785216777
0.7337241843050569
0.7337932462629753
0.7338623644034366
0.7339315387345055
0.7340007692643093
0.7340700560010407
0.7341393989529589
0.7342087981283921
0.73427825353574
0.7343477651834743
0.7344173330801426
0.7344869572343679
0.7345566376548527
0.7346263743503805
0.7346961673298164
0.7347660166021104
0.7348359221762985
0.7349058840615049
0.734975902266944
0.7350459768019219
0.7351161076758379
0.7351862948981873
0.7352565384785629
0.7353268384266556
0.7353971947522578
0.735467607465265
0.735538076575676
0.7356086020935967
0.7356791840292404
0.7357498223929304
0.7358205171951007
0.7358912684462994
0.7359620761571889
0.7360329403385478
0.7361038610012736
0.7361748381563833
0.7362458718150154
0.7363169619884318
0.7363881086880193
0.7364593119252911
0.736530571711889
0.7366018880595842
0.7366732609802795
0.736744690486011
0.7368161765889493
0.7368877193014013
0.7369593186358119
0.7370309746047652
0.7371026872209872
0.7371744564973455
0.7372462824468529
0.7373181650826673
0.7373901044180946
0.7374621004665891
0.7375341532417559
0.737606262757352
0.7376784290272879
0.7377506520656295
0.7378229318865991
0.7378952685045771
0.7379676619341032
0.7380401121898796
0.7381126192867697
0.738185183239802
0.7382578040641699
0.7383304817752346
0.7384032163885262
0.738476007919744
0.7385488563847601
0.7386217617996186
0.7386947241805387
0.7387677435439157
0.7388408199063228
0.738913953284511
0.7389871436954129
0.7390603911561423
0.7391336956839965
0.7392070572964579
0.7392804760111948
0.7393539518460635
0.7394274848191087
0.7395010749485668
0.7395747222528647
0.7396484267506244
0.7397221884606615
0.7397960074019885
0.7398698835938153
0.739943817055551
0.7400178078068055
0.7400918558673905
0.7401659612573208
0.7402401239968167
0.740314344106304
0.7403886216064168
0.7404629565179979
0.7405373488621005
0.74061179865999
0.740686305933145
0.7407608707032585
0.74083549299224
0.7409101728222168
0.7409849102155341
0.7410597051947585
0.7411345577826779
0.7412094680023037
0.7412844358768713
0.7413594614298425
0.7414345446849068
0.7415096856659813
0.7415848843972151
0.7416601409029875
0.7417354552079115
0.7418108273368345
0.7418862573148391
0.7419617451672468
0.7420372909196158
0.7421128945977458
0.7421885562276775
0.7422642758356948
0.7423400534483257
0.7424158890923441
0.7424917827947713
0.7425677345828771
0.7426437444841816
0.7427198125264556
0.7427959387377239
0.742872123146265
0.7429483657806135
0.7430246666695612
0.7431010258421584
0.743177443327716
0.7432539191558056
0.7433304533562628
0.7434070459591869
0.7434836969949442
0.743560406494167
0.7436371744877573
0.7437140010068876
0.7437908860830013
0.7438678297478163
0.7439448320333236
0.7440218929717922
0.7440990125957677
0.7441761909380752
0.7442534280318203
0.7443307239103909
0.7444080786074586
0.7444854921569802
0.744562964593199
0.7446404959506469
0.7447180862641447
0.7447957355688056
0.7448734439000343
0.7449512112935308
0.7450290377852903
0.7451069234116058
0.7451848682090688
0.7452628722145719
0.7453409354653087
0.7454190579987775
0.7454972398527807
0.7455754810654287
0.7456537816751391
0.7457321417206397
0.74581056124097
0.7458890402754825
0.7459675788638443
0.7460461770460389
0.7461248348623678
0.7462035523534516
0.7462823295602329
0.7463611665239763
0.7464400632862711
0.7465190198890331
0.7465980363745055
0.7466771127852605
0.7467562491642027
0.7468354455545684
0.7469147019999283
0.7469940185441901
0.7470733952315987
0.7471528321067389
0.7472323292145366
0.747311886600261
0.7473915043095261
0.7474711823882918
0.747550920882867
0.7476307198399103
0.7477105793064319
0.747790499329796
0.747870479957722
0.7479505212382866
0.7480306232199248
0.7481107859514333
0.7481910094819707
0.7482712938610605
0.7483516391385923
0.7484320453648236
0.7485125125903824
0.7485930408662681
0.7486736302438542
0.7487542807748897
0.7488349925115012
0.7489157655061943
0.7489965998118567
0.7490774954817593
0.7491584525695577
0.749239471129295
0.7493205512154042
0.7494016928827084
0.7494828961864245
0.7495641611821642
0.7496454879259368
0.7497268764741505
0.7498083268836148
0.7498898392115422
0.7499714135155515
0.7500530498536675
0.7501347482843258
0.7502165088663731
0.7502983316590696
0.7503802167220914
0.7504621641155332
0.750544173899909
0.7506262461361556
0.7507083808856341
0.7507905782101321
0.7508728381718665
0.7509551608334848
0.7510375462580684
0.7511199945091336
0.7512025056506348
0.7512850797469669
0.7513677168629666
0.7514504170639152
0.7515331804155417
0.7516160069840239
0.7516988968359914
0.751781850038528