0.4866666666666667
0.4866666666666667
0.4866666666666667
0.4866666666666667
0.4866666666666667
0.4866666666666667
0.4866666666666667
0.4866666666666667
0.4866666666666667
0.4866666666666667
0.4866666666666667
0.4866666666666667
0.4866666666666667
0.4866666666666667
0.4866666666666667
0.4866666666666667
0.4866666666666667
0.4866666666666667
0.4866666666666667
0.4866666666666667
0.4866666666666667
0.4866666666666667
0.4866666666666667
0.4866666666666667
0.4866666666666667
0.4866666666666667
0.4866666666666667
0.4866666666666667
0.4866666666666667
0.4866666666666667
0.4866666666666667
0.4866666666666667
0.4866666666666667
0.4866666666666667
0.4866666666666667
0.4866666666666667
0.4866666666666667
0.4866666666666667
0.4866666666666667
0.4866666666666667
0.4866666666666667
0.4866666666666667
0.4866666666666667
0.4866666666666667
0.4866666666666667
0.4866666666666667
0.4866666666666667
0.4866666666666667
0.4866666666666667
0.4866666666666667
0.4866666666666667
0.4866666666666667
0.4866666666666667
0.4866666666666667
0.4866666666666667
0.4866666666666667
0.4866666666666667
0.4866666666666667
0.4866666666666667
0.4866666666666667
0.4866666666666667
0.4866666666666667
0.4866666666666667
0.4866666666666667
0.4866666666666667
0.4866666666666667
0.4866666666666667
0.4866666666666667
0.4866666666666667
0.4866666666666667
0.4866666666666667
0.4866666666666667
0.4866666666666667
0.4866666666666667
0.4866666666666667
0.4866666666666667
0.4866666666666667
0.4866666666666667
0.4866666666666667
0.4866666666666667
0.4866666666666667
0.4866666666666667
0.4866666666666667
0.4866666666666667
0.4866666666666667
0.4866666666666667
0.4866666666666667
0.4866666666666667
0.4866666666666667
0.4866666666666667
0.4866666666666667
0.4866666666666667
0.4866666666666667
0.4866666666666667
0.4866666666666667
0.4866666666666667
0.4866666666666667
0.49333333333333335
0.49333333333333335
0.5066666666666667
0.5133333333333333
0.5133333333333333
0.5133333333333333
0.5333333333333333
0.5466666666666666
0.5466666666666666
0.56
0.56
0.56
0.58
0.5866666666666667
0.5933333333333334
0.6
0.6133333333333333
0.6333333333333333
0.6466666666666666
0.6466666666666666
0.6466666666666666
0.66
0.6666666666666666
0.68
0.68
0.7
0.7133333333333334
0.7333333333333333
0.7466666666666667
0.7533333333333333
0.7533333333333333
0.7666666666666667
0.7733333333333333
0.78
0.7866666666666666
0.7933333333333333
0.8
0.8
0.8066666666666666
0.8066666666666666
0.8066666666666666
0.8066666666666666
0.8066666666666666
0.8133333333333334
0.8133333333333334
0.8133333333333334
0.8133333333333334
0.82
0.82
0.8266666666666667
0.8266666666666667
0.8266666666666667
0.8333333333333334
0.84
0.84
0.84
0.84
0.8466666666666667
0.8466666666666667
0.8533333333333334
0.8533333333333334
0.8533333333333334
0.8533333333333334
0.86
0.86
0.86
0.86
0.8733333333333333
0.88
0.88
0.88
0.88
0.88
0.88
0.8866666666666667
0.8866666666666667
0.8866666666666667
0.8933333333333333
0.8933333333333333
0.8933333333333333
0.9
0.9
0.9
0.9
0.9066666666666666
0.9066666666666666
0.9
0.9
0.9
0.9
0.9
0.9
0.9
0.8933333333333333
0.8933333333333333
0.8933333333333333
0.8933333333333333
0.8933333333333333
0.8933333333333333
0.8866666666666667
0.8866666666666667
0.8866666666666667
0.8933333333333333
0.8933333333333333
0.9
0.9
0.9
0.9
0.8933333333333333
0.9
0.9
0.9
0.9
0.9
0.9
0.8866666666666667
0.8866666666666667
0.88
0.8866666666666667
0.8933333333333333
0.8933333333333333
0.9
0.9
0.9
0.9066666666666666
0.9066666666666666
0.9066666666666666
0.9
0.9
0.9
0.9
0.9
0.9
0.8933333333333333
0.8933333333333333
0.9
0.8933333333333333
0.8933333333333333
0.8933333333333333
0.8933333333333333
0.9
0.9
0.9
0.9
0.9
0.9
0.8933333333333333
0.8933333333333333
0.8933333333333333
0.8933333333333333
0.8866666666666667
0.8866666666666667
0.8866666666666667
0.8866666666666667
0.8866666666666667
0.8866666666666667
0.8866666666666667
0.8866666666666667
0.8866666666666667
0.8866666666666667
0.8866666666666667
0.8866666666666667
0.8866666666666667
0.8866666666666667
0.8866666666666667
0.88
0.88
0.88
0.88
0.88
0.88
0.88
0.88
0.88
0.88
0.88
0.88
0.88
0.88
0.88
0.88
0.88
0.88
0.88
0.88
0.8866666666666667
0.8866666666666667
0.8866666666666667
0.8866666666666667
0.8866666666666667
0.8866666666666667
0.8866666666666667
0.8866666666666667
0.8866666666666667
0.8866666666666667
0.8866666666666667
0.8866666666666667
0.8866666666666667
0.8866666666666667
0.8866666666666667
0.88
0.88
0.88
0.88
0.88
0.88
0.88
0.88
0.88
0.88
0.88
0.88
0.88
0.88
0.88
0.88
0.88
0.88
0.88
0.88
0.88
0.88
0.88
0.88
0.88
0.88
0.88
0.88
0.88
0.88
0.88
0.88
0.88
0.88
0.88
0.88
0.88
0.88
0.88
0.88
0.88
0.88
0.88
0.88
0.88
0.88
0.88
0.88
0.8733333333333333
0.8733333333333333
0.8733333333333333
0.8733333333333333
0.8733333333333333
0.8733333333333333
0.8733333333333333
0.8733333333333333
0.8733333333333333
0.8733333333333333
0.8733333333333333
0.8733333333333333
0.8733333333333333
0.8733333333333333
0.8733333333333333
0.8733333333333333
0.8733333333333333
0.8733333333333333
0.8733333333333333
0.8733333333333333
0.8733333333333333
0.8733333333333333
0.8733333333333333
0.8733333333333333
0.8733333333333333
0.8733333333333333
0.8733333333333333
0.8733333333333333
0.8733333333333333
0.8733333333333333
0.88
0.88
0.88
0.88
0.88
0.88
0.88
0.88
0.88
0.88
0.88
0.88
0.88
0.88
0.88
0.88
0.88
0.88
0.88
0.88
0.88
0.88
0.88
0.88
0.88
0.88
0.88
0.88
0.88
0.88
0.88
0.88
0.88
0.88
0.88
0.88
0.88
0.88
0.88
0.88
0.88
0.88
0.88
0.88
0.88
0.88
0.88
0.88
0.88
0.88
0.88
0.88
0.88
0.88
0.88
0.88
0.88
0.88
0.88
0.88
0.88
0.88
0.88
0.88
0.88
0.88
0.88
0.88
0.88
0.88
0.88
0.88
0.88
0.88
0.88
0.88
0.88
0.88
0.88
0.88
0.88
0.88
0.88
0.88
0.88
0.88
0.88
0.88
0.88
0.88
0.88
0.88
0.88
0.88
0.88
0.88
0.88
0.88
0.88
0.88
0.88
0.88
0.88
0.88
0.88
0.88
0.88
0.88
0.88
0.88
0.88
0.88
0.88
0.88
0.88
0.88
0.88
0.88
0.8866666666666667
0.8866666666666667
0.8866666666666667
0.8866666666666667
0.8866666666666667
0.8866666666666667
0.8866666666666667
0.8866666666666667
0.8866666666666667
0.8866666666666667
0.8866666666666667
0.8866666666666667
0.8866666666666667
0.8866666666666667
0.8866666666666667
0.8866666666666667
0.8866666666666667
0.8866666666666667
0.8866666666666667
0.8866666666666667
0.8866666666666667
0.8866666666666667
0.8866666666666667
0.8866666666666667
0.8866666666666667
0.8866666666666667
0.8866666666666667
0.8866666666666667
0.8866666666666667
0.8866666666666667
0.8866666666666667
0.8866666666666667
0.8866666666666667
0.8866666666666667
0.8866666666666667
0.8866666666666667
0.8866666666666667
0.8866666666666667
0.8866666666666667
0.8866666666666667
0.8866666666666667
0.8866666666666667
0.8866666666666667
0.8866666666666667
0.8866666666666667
0.8866666666666667
0.8866666666666667
0.8866666666666667
0.8866666666666667
0.8866666666666667
0.8866666666666667
0.8866666666666667
0.8866666666666667
0.8866666666666667
0.8866666666666667
0.8866666666666667
0.8866666666666667
0.8866666666666667
0.8866666666666667
0.8866666666666667
0.8866666666666667
0.8866666666666667
0.8866666666666667
0.8866666666666667
0.8866666666666667
0.8866666666666667
0.8866666666666667
0.8866666666666667
0.8866666666666667
0.8866666666666667
0.8866666666666667
0.8866666666666667
0.8933333333333333
0.8933333333333333
0.8933333333333333
0.8933333333333333
0.8933333333333333
0.8933333333333333
0.8933333333333333
0.8933333333333333
0.8933333333333333
0.8933333333333333
0.8933333333333333
0.8933333333333333
0.8933333333333333
0.8933333333333333
0.8933333333333333
0.8933333333333333
0.8933333333333333
0.8933333333333333
0.8933333333333333
0.8933333333333333
0.8933333333333333
0.8933333333333333
0.8933333333333333
0.8933333333333333
0.8933333333333333
0.8933333333333333
0.8933333333333333
0.8933333333333333
0.8933333333333333
0.8933333333333333
0.8933333333333333
0.8933333333333333
0.8933333333333333
0.8933333333333333
0.8933333333333333
0.9
0.9
0.9
0.9
0.9
0.9
0.9
0.9
0.9
0.9
0.9
0.9
0.9
0.9
0.9
0.9
0.9
0.9
0.9
0.9
0.9
0.9
0.9
0.9
0.9
0.9
0.9
0.9
0.9
0.9
0.9
0.9
0.9
0.9
0.9
0.9
0.9
0.9
0.9
0.9
0.9
0.9
0.9
0.9
0.9
0.9
0.9
0.9
0.9
0.9
0.9
0.9
0.9
0.9
0.9
0.9
0.9
0.9
0.9
0.9
0.9
0.9
0.9
0.9
0.9
0.9
0.9
0.9
0.9
0.9
0.9
0.9
0.9
0.9
0.9
0.9
0.9
0.9
0.9
0.9
0.9
0.9
0.9
0.9
0.9
0.9
0.9
0.9
0.9
0.9
0.9
0.9
0.9
0.9
0.9
0.9
0.9
0.9
0.9
0.9
0.9
0.9
0.9
0.9
0.9
0.9
0.9
0.9
0.9
0.9
0.9
0.9
0.9
0.9
0.9
0.9
0.9
0.9
0.9
0.9
0.9
0.9
0.9
0.9
0.9
0.9
0.9
0.9
0.9
0.9
0.9
0.9
0.9
0.9
0.9
0.9
0.9
0.9
0.9
0.9
0.9
0.9
0.9
0.9
0.9
0.9
0.9
0.9
0.9
0.9
0.9
0.9
0.9
0.9
0.9
0.9
0.9
0.9
0.9
0.9
0.9
0.9
0.9
0.9
0.9
0.9
0.9
0.9
0.9
0.9
0.9
0.9
0.9
0.9
0.9
0.9
0.9
0.9
0.9
0.9
0.9
0.9
0.9
0.9
0.9
0.9
0.9
0.9
0.9
0.9
0.9
0.9
0.9
0.9
0.9
0.9
0.9
0.9
0.9
0.9
0.9
0.9
0.9
0.9
0.9
0.9
0.9
0.9
0.9
0.9
0.9
0.9
0.9
0.9
0.9
0.9
0.9
0.9
0.9
0.9
0.9
0.9
0.9
0.9
0.9
0.9
0.9
0.9
0.9
0.9
0.9066666666666666
0.9066666666666666
0.9066666666666666
0.9066666666666666
0.9066666666666666
0.9066666666666666
0.9066666666666666
0.9066666666666666
0.9066666666666666
0.9066666666666666
0.9066666666666666
0.9066666666666666
0.9066666666666666
0.9066666666666666
0.9066666666666666
0.9066666666666666
0.9066666666666666
0.9066666666666666
0.9066666666666666
0.9066666666666666
0.9066666666666666
0.9066666666666666
0.9066666666666666
0.9066666666666666
0.9066666666666666
0.9066666666666666
0.9066666666666666
0.9066666666666666
0.9066666666666666
0.9066666666666666
0.9066666666666666
0.9066666666666666
0.9066666666666666
0.9066666666666666
0.9066666666666666
0.9066666666666666
0.9066666666666666
0.9066666666666666
0.9066666666666666
0.9066666666666666
0.9066666666666666
0.9066666666666666
0.9066666666666666
0.9066666666666666
0.9066666666666666
0.9066666666666666
0.9066666666666666
0.9066666666666666
0.9066666666666666
0.9066666666666666
0.9066666666666666
0.9066666666666666
0.9066666666666666
0.9066666666666666
0.9066666666666666
0.9066666666666666
0.9066666666666666
0.9066666666666666
0.9066666666666666
0.9066666666666666
0.9066666666666666
0.9066666666666666
0.9066666666666666
0.9066666666666666
0.9066666666666666
0.9066666666666666
0.9066666666666666
0.9066666666666666
0.9066666666666666
0.9066666666666666
0.9066666666666666
0.9066666666666666
0.9066666666666666
0.9066666666666666
0.9066666666666666
0.9066666666666666
0.9066666666666666
0.9066666666666666
0.9066666666666666
0.9066666666666666
0.9066666666666666
0.9066666666666666
0.9066666666666666
0.9066666666666666
0.9066666666666666
0.9066666666666666
0.9066666666666666
0.9066666666666666
0.9066666666666666
0.9066666666666666
0.9066666666666666
0.9066666666666666
0.9066666666666666
0.9066666666666666
0.9066666666666666
0.9066666666666666
0.9066666666666666
0.9066666666666666
0.9066666666666666
0.9066666666666666
0.9066666666666666
0.9066666666666666
0.9066666666666666
0.9066666666666666
0.9066666666666666
0.9066666666666666
0.9066666666666666
0.9066666666666666
0.9066666666666666
0.9066666666666666
0.9066666666666666
0.9066666666666666
0.9066666666666666
0.9066666666666666
0.9066666666666666
0.9066666666666666
0.9066666666666666
0.9066666666666666
0.9066666666666666
0.9066666666666666
0.9066666666666666
0.9066666666666666
0.9066666666666666
0.9066666666666666
0.9066666666666666
0.9066666666666666
0.9066666666666666
0.9066666666666666
0.9066666666666666
0.9066666666666666
0.9066666666666666
0.9066666666666666
0.9066666666666666
0.9066666666666666
0.9066666666666666
0.9066666666666666
0.9066666666666666
0.9066666666666666
0.9066666666666666
0.9066666666666666
0.9066666666666666
0.9066666666666666
0.9066666666666666
0.9066666666666666
0.9066666666666666
0.9066666666666666
0.9066666666666666
0.9066666666666666
0.9066666666666666
0.9066666666666666
0.9066666666666666
0.9066666666666666
0.9066666666666666
0.9066666666666666
0.9066666666666666
0.9066666666666666
0.9066666666666666
0.9066666666666666
0.9066666666666666
0.9066666666666666
0.9066666666666666
0.9066666666666666
0.9066666666666666
0.9066666666666666
0.9066666666666666
0.9066666666666666
0.9066666666666666
0.9066666666666666
0.9066666666666666
0.9066666666666666