0.23333333333333334
0.23333333333333334
0.23333333333333334
0.23333333333333334
0.23333333333333334
0.22666666666666666
0.22666666666666666
0.22666666666666666
0.22666666666666666
0.22
0.22
0.22
0.21333333333333335
0.21333333333333335
0.21333333333333335
0.21333333333333335
0.21333333333333335
0.21333333333333335
0.21333333333333335
0.21333333333333335
0.21333333333333335
0.21333333333333335
0.21333333333333335
0.21333333333333335
0.21333333333333335
0.21333333333333335
0.21333333333333335
0.21333333333333335
0.21333333333333335
0.21333333333333335
0.21333333333333335
0.21333333333333335
0.21333333333333335
0.21333333333333335
0.21333333333333335
0.21333333333333335
0.21333333333333335
0.21333333333333335
0.21333333333333335
0.21333333333333335
0.21333333333333335
0.21333333333333335
0.21333333333333335
0.21333333333333335
0.21333333333333335
0.21333333333333335
0.21333333333333335
0.21333333333333335
0.21333333333333335
0.21333333333333335
0.21333333333333335
0.21333333333333335
0.21333333333333335
0.21333333333333335
0.21333333333333335
0.21333333333333335
0.21333333333333335
0.21333333333333335
0.21333333333333335
0.21333333333333335
0.21333333333333335
0.21333333333333335
0.21333333333333335
0.21333333333333335
0.21333333333333335
0.21333333333333335
0.21333333333333335
0.21333333333333335
0.21333333333333335
0.21333333333333335
0.21333333333333335
0.21333333333333335
0.21333333333333335
0.21333333333333335
0.21333333333333335
0.21333333333333335
0.21333333333333335
0.21333333333333335
0.21333333333333335
0.21333333333333335
0.20666666666666667
0.20666666666666667
0.20666666666666667
0.20666666666666667
0.20666666666666667
0.20666666666666667
0.20666666666666667
0.20666666666666667
0.20666666666666667
0.20666666666666667
0.20666666666666667
0.20666666666666667
0.20666666666666667
0.20666666666666667
0.20666666666666667
0.20666666666666667
0.20666666666666667
0.20666666666666667
0.20666666666666667
0.20666666666666667