0.9533333333333334
0.9133333333333333
0.6866666666666666
0.4866666666666667
0.56
0.7333333333333333
0.8733333333333333
0.94
0.9533333333333334
0.9533333333333334
0.9533333333333334
0.9533333333333334
0.9533333333333334
0.96
0.9533333333333334
0.9533333333333334
0.96
0.9533333333333334
0.9533333333333334
0.96
0.9533333333333334
0.9533333333333334
0.96
0.9466666666666667
0.9533333333333334
0.9533333333333334
0.9533333333333334
0.9666666666666667
0.9533333333333334
0.9666666666666667
0.9533333333333334
0.9666666666666667
0.9533333333333334
0.9666666666666667
0.9533333333333334
0.9666666666666667
0.9533333333333334
0.9666666666666667
0.9533333333333334
0.9666666666666667
0.9533333333333334
0.9666666666666667
0.9533333333333334
0.9666666666666667
0.9533333333333334
0.9666666666666667
0.9533333333333334
0.9666666666666667
0.9533333333333334
0.9666666666666667
0.9533333333333334
0.9666666666666667
0.9533333333333334
0.9666666666666667
0.9533333333333334
0.9533333333333334
0.9466666666666667
0.9533333333333334
0.9466666666666667
0.9533333333333334
0.9533333333333334
0.9666666666666667
0.9533333333333334
0.9666666666666667
0.9533333333333334
0.9666666666666667
0.9533333333333334
0.9666666666666667
0.9533333333333334
0.9666666666666667
0.96
0.9666666666666667
0.9533333333333334
0.9533333333333334
0.9533333333333334
0.9533333333333334
0.9533333333333334
0.9666666666666667
0.9533333333333334
0.9666666666666667
0.9533333333333334
0.9666666666666667
0.9533333333333334
0.9666666666666667
0.9533333333333334
0.9666666666666667
0.9533333333333334
0.9666666666666667
0.9533333333333334
0.9666666666666667
0.9533333333333334
0.9666666666666667
0.96
0.9666666666666667
0.9533333333333334
0.9533333333333334
0.9666666666666667
0.9533333333333334
0.9533333333333334
0.9533333333333334