2.4752626544003515
2.1273575639590674
1.927112175209024
1.7873098837942218
1.6806168279169174
1.594856931665293
1.5235344454702688
1.4627714579443991
1.4100662077124462
1.3637101569217236
1.322484382673584
1.285488633672621
1.2520390453021557
1.2216038679419816
1.1937614221745498
1.168171650351708
1.144556307168993
1.1226848203779374
1.1023639788855777
1.0834302684337158
1.0657440786966361
1.0491852587823196
1.0336496610955646
1.0190464209220518
1.00529579137015
0.9923274028781202
0.9800788510813352
0.9684945413475471
0.9575247359131908
0.9471247623941688
0.9372543519138523
0.9278770821532939
0.9189599059510801
0.9104727501306645
0.9023881723435261
0.8946810661255672
0.8873284062448741
0.8803090278982172
0.8736034344853675
0.8671936296245709
0.8610629698221528
0.8551960348142846
0.8495785130900528
0.8441971005057344
0.8390394102288756
0.8340938925216401
0.829349763097171
0.8247969389691837
0.8204259808707397
0.8162280414486938
0.812194818550181
0.8083185130103111
0.8045917904288993
0.8010077464909713
0.7975598754428531
0.7942420413845295
0.7910484520808864
0.7879736350305729
0.7850124155623931
0.7821598967561232
0.7794114410080776
0.7767626530821248
0.7742093645046245
0.7717476191773047
0.7693736600956993
0.7670839170727316
0.7648749953775398
0.7627436652089192
0.7606868519309501
0.7587016270056288
0.7567851995637582
0.7549349085610635
0.7531482154715867
0.7514226974749488
0.749756041098116
0.7481460362759303
0.7465905707979074
0.7450876251117154
0.7436352674563695
0.7422316493005209
0.740875001063353
0.7395636280974998
0.738295906915137
0.737070281639964
0.7358852606692031
0.7347394135310399
0.7336313679240858
0.7325598069265129
0.7315234663634759
0.7305211323223125
0.7295516388058237
0.7286138655146656
0.7277067357505532
0.7268292144325976
0.7259803062196509
0.7251590537320592
0.7243645358666878
0.7235958661995255
0.722852191470571
0.7221326901460705
0.7214365710535231
0.7207630720851705
0.7201114589659906
0.719481024082467
0.7188710853686652
0.7182809852463639
0.717710089616208
0.7171577868970421
0.7166234871107642
0.7161066210102084
0.7156066392477215
0.7151230115822446
0.7146552261228399
0.7142027886067386
0.7137652217100906
0.7133420643897174
0.7129328712542593
0.7125372119632141
0.7121546706524419
0.7117848453848031
0.7114273476246645
0.7110818017350895
0.7107478444965866
0.7104251246463615
0.7101133024370727
0.7098120492141459
0.7095210470107567
0.7092399881596393
0.7089685749209205
0.7087065191252288
0.7084535418313609
0.7082093729978308
0.7079737511676623
0.7077464231658138
0.7075271438086637
0.7073156756250085
0.707111788588056
0.7069152598579216
0.7067258735341624
0.7065434204179031
0.7063676977831361
0.7061985091567918
0.7060356641072019
0.7058789780405903
0.7057282720052512
0.7055833725030831
0.7054441113081691
0.7053103252921045
0.7051818562557918
0.7050585507674297
0.7049402600064429
0.7048268396131038
0.7047181495436168
0.7046140539304389
0.704514420947625
0.7044191226809968
0.7043280350029382
0.7042410374516358
0.7041580131145844
0.7040788485161912
0.7040034335093165
0.7039316611705968
0.7038634276994015
0.7037986323202848
0.7037371771887964
0.7036789673005195
0.7036239104032198
0.7035719169119776
0.7035228998271973
0.7034767746553829
0.7034334593325764
0.7033928741503568
0.7033549416843101
0.7033195867248733
0.7032867362104666
0.7032563191628322
0.7032282666244948
0.7032025115982697
0.7031789889887435
0.7031576355456554
0.7031383898091109
0.7031211920565651
0.7031059842515067
0.7030927099937885
0.7030813144715425
0.7030717444146245
0.7030639480495353
0.7030578750557664
0.70305347652352
0.7030507049127575
0.7030495140135279
0.7030498589075348
0.7030516959308984
0.7030549826380708
0.7030596777668661
0.7030657412045692
0.7030731339550839
0.7030818181070871
0.7030917568031558
0.7031029142098316
0.7031152554885972
0.7031287467677271
0.7031433551149897
0.7031590485111706
0.7031757958243896
0.7031935667851861
0.703212331962348
0.7032320627394593
0.7032527312921444
0.7032743105659848
0.7032967742550875
0.703320096781286
0.7033442532739499
0.703369219550386
0.7033949720968138
0.7034214880498932
0.7034487451787899
0.7034767218677611
0.7035053970992442
0.7035347504374344
0.7035647620123339
0.7035954125042605
0.7036266831287986
0.7036585556221816
0.7036910122270905
0.703724035678857
0.7037576091920587
0.7037917164474927
0.7038263415795195
0.703861469163762
0.7038970842051524
0.7039331721263136
0.7039697187562669
0.7040067103194565
0.7040441334250785
0.704081975056709
0.7041202225622201
0.704158863643975
0.7041978863492966
0.7042372790611976
0.7042770304893682
0.704317129661411
0.704357565914317
0.7043983288861762
0.7044394085081155
0.7044807949964562
0.7045224788450861
0.7045644508180399
0.7046067019422815
0.7046492235006818
0.7046920070251883
0.704735044290178
0.7047783273059909
0.7048218483126393
0.7048655997736845
0.70490957437028
0.7049537649953741
0.7049981647480682
0.7050427669281266
0.7050875650306335
0.7051325527407916
0.7051777239288608
0.7052230726452317
0.7052685931156298
0.7053142797364474
0.7053601270701993
0.7054061298410998
0.705452282930756
0.7054985813739754
0.7055450203546841
0.7055915952019542
0.7056383013861334
0.7056851345150782
0.7057320903304866
0.7057791647043263
0.705826353635357
0.7058736532457437
0.7059210597777594
0.7059685695905737
0.7060161791571257
0.7060638850610775
0.7061116839938498
0.7061595727517317
0.706207548233069
0.7062556074355224
0.706303747453401
0.7063519654750611
0.7064002587803758
0.706448624738269
0.7064970608043128
0.7065455645183892
0.70659413350241
0.7066427654580976
0.7066914581648228
0.7067402094774983
0.7067890173245267
0.7068378797058023
0.7068867946907624
0.7069357604164928
0.7069847750858781
0.7070338369658024
0.7070829443853953
0.707132095734324
0.7071812894611283
0.707230524071599
0.7072797981271994
0.7073291102435249
0.7073784590888044
0.7074278433824399
0.707477261893583
0.7075267134397479
0.7075761968854627
0.7076257111409505
0.7076752551608501
0.7077248279429654
0.7077744285270492
0.7078240559936171
0.7078737094627926
0.7079233880931827
0.7079730910807803
0.7080228176578969
0.7080725670921222
0.70812233868531
0.7081721317725909
0.7082219457214098
0.7082717799305893
0.7083216338294159
0.708371506876751
0.7084213985601638
0.7084713083950882
0.7085212359239984
0.7085711807156104
0.7086211423640997
0.7086711204883418
0.7087211147311723
0.7087711247586642
0.7088211502594272
0.7088711909439214
0.7089212465437928
0.7089713168112223
0.7090214015182945
0.7090715004563813
0.7091216134355425
0.7091717402839409
0.7092218808472746
0.7092720349882217
0.7093222025859017
0.7093723835353496
0.7094225777470045
0.709472785146211
0.7095230056727345
0.7095732392802896
0.7096234859360783
0.7096737456203436
0.7097240183259339
0.7097743040578773
0.7098246028329699
0.7098749146793724
0.7099252396362195
0.709975577753238
0.7100259290903773
0.7100762937174464
0.7101266717137646
0.7101770631678178
0.7102274681769274
0.7102778868469252
0.7103283192918389
0.710378765633586
0.7104292260016744
0.7104797005329134
0.710530189371131
0.710580692666899
0.7106312105772663
0.710681743265499
0.7107322909008282
0.7107828536582035
0.7108334317180544
0.7108840252660583
0.7109346344929145
0.7109852595941244
0.7110359007697779
0.7110865582243467
0.7111372321664816
0.7111879228088172
0.711238630367781
0.7112893550634084
0.7113400971191632
0.7113908567617623
0.7114416342210068
0.7114924297296162
0.7115432435230687
0.7115940758394461
0.7116449269192824
0.7116957970054171
0.7117466863428533
0.7117975951786197
0.711848523761636
0.7118994723425831
0.711950441173777
0.7120014305090464
0.7120524406036136
0.7121034717139799
0.7121545240978133
0.7122055980138404
0.712256693721742
0.7123078114820505
0.7123589515560514
0.7124101142056889
0.7124612996934717
0.7125125082823848
0.7125637402358015
0.7126149958174006
0.712666275291084
0.7127175789208986
0.7127689069709602
0.7128202597053791
0.71287163738819
0.7129230402832825
0.7129744686543339
0.7130259227647461
0.7130774028775829
0.7131289092555098
0.7131804421607365
0.7132320018549602
0.713283588599313
0.7133352026543079
0.7133868442797909
0.7134385137348906
0.7134902112779729
0.7135419371665955
0.7135936916574647
0.7136454750063942
0.7136972874682648
0.7137491292969861
0.7138010007454594
0.713852902065542
0.7139048335080138
0.7139567953225441
0.71400878775766
0.7140608110607176
0.7141128654778713
0.7141649512540484
0.7142170686329212
0.7142692178568826
0.7143213991670216
0.7143736128031016
0.7144258590035372
0.7144781380053737
0.7145304500442685
0.7145827953544709
0.7146351741688051
0.7146875867186535
0.7147400332339401
0.714792513943116
0.7148450290731451
0.7148975788494907
0.7149501634961029
0.7150027832354068
0.7150554382882917
0.7151081288741009
0.715160855210622
0.7152136175140777
0.7152664159991188
0.7153192508788153
0.7153721223646511
0.7154250306665155
0.7154779759927006
0.7155309585498937
0.7155839785431738
0.7156370361760083
0.7156901316502484
0.7157432651661272
0.7157964369222565
0.7158496471156258
0.7159028959416003
0.7159561835939201
0.7160095102646997
0.716062876144428
0.716116281421968
0.7161697262845587
0.7162232109178152
0.7162767355057306
0.7163303002306776
0.7163839052734113
0.7164375508130707
0.7164912370271826
0.7165449640916642
0.7165987321808267
0.7166525414673792
0.7167063921224325
0.7167602843155033
0.7168142182145198
0.7168681939858256
0.7169222117941841
0.7169762718027862
0.7170303741732534
0.7170845190656451
0.7171387066384638
0.7171929370486617
0.7172472104516471
0.7173015270012906
0.7173558868499322
0.7174102901483883
0.7174647370459586
0.7175192276904331
0.7175737622281001
0.7176283408037533
0.7176829635606995
0.7177376306407671
0.7177923421843126
0.7178470983302306
0.7179018992159601
0.7179567449774941
0.7180116357493875
0.7180665716647655
0.7181215528553323
0.7181765794513804
0.7182316515817979
0.7182867693740791
0.7183419329543319
0.7183971424472877
0.7184523979763106
0.7185076996634054
0.7185630476292281
0.7186184419930942
0.7186738828729886
0.7187293703855745
0.718784904646203
0.7188404857689226
0.7188961138664882
0.7189517890503712
0.7190075114307685
0.7190632811166123
0.7191190982155797
0.7191749628341023
0.7192308750773755
0.7192868350493685
0.7193428428528336
0.719398898589316
0.7194550023591637
0.7195111542615369
0.7195673543944174
0.7196236028546189
0.7196798997377959
0.719736245138454
0.7197926391499595
0.7198490818645485
0.719905573373337
0.7199621137663305
0.7200187031324333
0.7200753415594586
0.7201320291341378
0.7201887659421294
0.7202455520680303
0.7203023875953831
0.7203592726066876
0.7204162071834086
0.7204731914059868
0.7205302253538469
0.7205873091054082
0.7206444427380934
0.720701626328337
0.7207588599515967
0.7208161436823611
0.7208734775941591
0.7209308617595694
0.7209882962502298
0.7210457811368459
0.7211033164892008
0.7211609023761631
0.7212185388656975
0.721276226024872
0.7213339639198681
0.7213917526159893
0.7214495921776698
0.7215074826684837
0.7215654241511534
0.7216234166875581
0.7216814603387434
0.7217395551649289
0.7217977012255175
0.7218558985791034
0.7219141472834812
0.721972447395654
0.7220307989718416
0.722089202067489
0.7221476567372755
0.7222061630351215
0.7222647210141977
0.7223233307269331
0.7223819922250232
0.7224407055594373
0.7224994707804282
0.7225582879375377
0.7226171570796075
0.722676078254784
0.7227350515105284
0.7227940768936238
0.7228531544501825
0.7229122842256537
0.7229714662648317
0.7230307006118634
0.7230899873102548
0.7231493264028798
0.7232087179319868
0.7232681619392066
0.723327658465559
0.7233872075514607
0.7234468092367321
0.7235064635606049
0.7235661705617286
0.7236259302781783
0.7236857427474612
0.7237456080065235
0.7238055260917577
0.723865497039009
0.7239255208835829
0.7239855976602506
0.7240457274032569
0.7241059101463269
0.7241661459226717
0.7242264347649954
0.7242867767055019
0.7243471717759012
0.7244076200074153
0.7244681214307856
0.7245286760762781
0.7245892839736904
0.7246499451523576
0.7247106596411588
0.7247714274685223
0.7248322486624333
0.7248931232504385
0.7249540512596524
0.7250150327167637
0.7250760676480406
0.7251371560793373
0.7251982980360988
0.7252594935433682
0.7253207426257904
0.7253820453076193
0.725443401612723
0.7255048115645889
0.7255662751863304
0.7256277925006904
0.7256893635300489
0.7257509882964267
0.7258126668214918
0.7258743991265644
0.7259361852326214
0.725998025160303
0.726059918929917
0.7261218665614434
0.7261838680745413
0.7262459234885519
0.7263080328225044
0.7263701960951219
0.7264324133248238
0.7264946845297334
0.7265570097276814
0.7266193889362107
0.7266818221725809
0.7267443094537742
0.7268068507964985
0.7268694462171937
0.7269320957320345
0.7269947993569367
0.7270575571075604
0.7271203689993149
0.7271832350473635
0.7272461552666275
0.7273091296717908
0.7273721582773042
0.7274352410973889
0.7274983781460425
0.7275615694370414
0.7276248149839463
0.7276881148001052
0.7277514688986588
0.7278148772925436
0.7278783399944961
0.7279418570170572
0.7280054283725758
0.728069054073213
0.7281327341309459
0.7281964685575715
0.7282602573647102
0.72832410056381
0.7283879981661506
0.7284519501828463
0.7285159566248504
0.7285800175029581
0.7286441328278115
0.7287083026099018
0.7287725268595738
0.7288368055870288
0.7289011388023287
0.7289655265153995
0.7290299687360339
0.7290944654738958
0.7291590167385233
0.7292236225393319
0.729288282885618
0.7293529977865624
0.729417767251233
0.7294825912885892
0.7295474699074835
0.7296124031166669
0.7296773909247894
0.7297424333404056
0.7298075303719764
0.7298726820278727
0.729937888316378
0.7300031492456923
0.7300684648239338
0.7301338350591435
0.7301992599592868
0.7302647395322573
0.7303302737858793
0.730395862727911
0.7304615063660471
0.7305272047079219
0.7305929577611117
0.7306587655331384
0.7307246280314714
0.7307905452635314
0.7308565172366914
0.730922543958282
0.7309886254355916
0.7310547616758702
0.7311209526863324
0.7311871984741596
0.7312534990465018
0.7313198544104821
0.7313862645731976
0.7314527295417225
0.7315192493231107
0.7315858239243985
0.7316524533526066
0.7317191376147429
0.7317858767178052
0.7318526706687821
0.7319195194746584
0.7319864231424145
0.7320533816790299
0.7321203950914866
0.7321874633867698
0.7322545865718706
0.7323217646537895
0.732388997639537
0.7324562855361372
0.7325236283506289
0.7325910260900692
0.7326584787615343
0.7327259863721229
0.7327935489289574
0.7328611664391869
0.7329288389099883
0.7329965663485701
0.7330643487621727
0.733132186158072
0.7332000785435799
0.7332680259260485
0.7333360283128699
0.73340408571148
0.7334721981293595
0.7335403655740363
0.7336085880530878
0.7336768655741419
0.7337451981448805
0.7338135857730399
0.7338820284664136
0.7339505262328545
0.7340190790802756
0.7340876870166536
0.7341563500500297
0.7342250681885112
0.7342938414402744
0.7343626698135659
0.7344315533167042
0.7345004919580824
0.7345694857461685
0.7346385346895097
0.7347076387967308
0.7347767980765394
0.7348460125377256
0.7349152821891644
0.7349846070398169
0.7350539870987336
0.7351234223750542
0.7351929128780104
0.7352624586169278
0.7353320596012267
0.7354017158404251
0.7354714273441386
0.7355411941220839
0.7356110161840794
0.7356808935400475
0.7357508262000155
0.7358208141741178
0.7358908574725973
0.7359609561058075
0.7360311100842131
0.7361013194183927
0.7361715841190402
0.7362419041969653
0.736312279663097
0.7363827105284831
0.7364531968042936
0.7365237385018208
0.7365943356324821
0.7366649882078207
0.7367356962395074
0.7368064597393421
0.7368772787192555
0.7369481531913105
0.7370190831677034
0.7370900686607664
0.7371611096829677
0.7372322062469141
0.7373033583653522
0.7373745660511698
0.737445829317397
0.7375171481772085
0.7375885226439246
0.7376599527310124
0.7377314384520879
0.7378029798209169
0.7378745768514168
0.7379462295576578
0.7380179379538643
0.7380897020544169
0.7381615218738534
0.7382333974268694
0.738305328728322
0.7383773157932285
0.7384493586367694
0.73852145727429
0.7385936117213009
0.73866582199348
0.7387380881066733
0.7388104100768972
0.7388827879203393
0.7389552216533596
0.7390277112924923
0.7391002568544474
0.7391728583561112
0.7392455158145487
0.7393182292470039
0.7393909986709024
0.7394638241038519
0.7395367055636433
0.7396096430682532
0.7396826366358444
0.7397556862847676
0.7398287920335621
0.7399019539009583
0.7399751719058784
0.7400484460674375
0.7401217764049455
0.7401951629379075
0.7402686056860273
0.740342104669206
0.740415659907545
0.7404892714213471
0.7405629392311177
0.7406366633575665
0.740710443821608
0.7407842806443631
0.7408581738471615
0.7409321234515421
0.741006129479254
0.7410801919522587
0.7411543108927309
0.7412284863230603
0.741302718265852
0.7413770067439291
0.7414513517803335
0.7415257533983266
0.7416002116213918
0.7416747264732345
0.7417492979777851
0.7418239261591988
0.741898611041858
0.7419733526503727
0.7420481510095829
0.7421230061445592
0.7421979180806045
0.742272886843255
0.7423479124582817
0.7424229949516923
0.742498134349732
0.7425733306788844
0.7426485839658739
0.7427238942376663
0.7427992615214706
0.7428746858447403
0.7429501672351739
0.7430257057207182
0.7431013013295678
0.7431769540901668
0.7432526640312113
0.7433284311816497
0.7434042555706843
0.7434801372277732
0.7435560761826304
0.7436320724652291
0.7437081261058015
0.7437842371348403
0.7438604055831018
0.7439366314816049
0.7440129148616342
0.7440892557547408
0.7441656541927436
0.7442421102077312
0.7443186238320628
0.7443951950983697
0.7444718240395576
0.7445485106888063
0.7446252550795729
0.7447020572455924
0.7447789172208785
0.7448558350397272
0.7449328107367154
0.7450098443467044
0.7450869359048412
0.7451640854465587
0.7452412930075787
0.7453185586239124
0.7453958823318623
0.7454732641680233
0.7455507041692847
0.7456282023728315
0.7457057588161454
0.7457833735370079
0.7458610465734996
0.7459387779640031
0.7460165677472045
0.7460944159620948
0.7461723226479707
0.7462502878444373
0.7463283115914091
0.7464063939291119
0.7464845348980832
0.7465627345391753
0.7466409928935562
0.746719310002711
0.7467976859084438
0.7468761206528792
0.7469546142784642
0.7470331668279692
0.7471117783444898
0.7471904488714489
0.7472691784525982
0.7473479671320195
0.7474268149541261
0.7475057219636656
0.7475846882057204
0.7476637137257103
0.7477427985693931
0.7478219427828674
0.7479011464125735
0.747980409505296
0.7480597321081645
0.7481391142686555
0.7482185560345954
0.7482980574541602
0.7483776185758791
0.7484572394486352
0.7485369201216678
0.7486166606445732
0.7486964610673082
0.7487763214401907
0.7488562418139014
0.7489362222394864
0.7490162627683581
0.7490963634522981
0.7491765243434586
0.7492567454943637
0.7493370269579117
0.7494173687873779
0.7494977710364147
0.7495782337590544
0.7496587570097126
0.7497393408431867
0.7498199853146611
0.7499006904797074
0.7499814563942873
0.7500622831147536
0.7501431706978529
0.7502241192007273
0.7503051286809167
0.7503861991963606
0.7504673308053998
0.7505485235667796
0.75062977753965
0.7507110927835695
0.750792469358507
0.7508739073248418
0.7509554067433692