2.4752626544003515
2.1276121561252888
1.9276158568265978
1.7880571276011987
1.6816020914017236
1.596074665777014
1.5249791027594155
1.4644375001529464
1.4119481128328115
1.365802425744994
1.3247815448477538
1.287985253291847
1.254729726048148
1.2244832577985933
1.1968242177364687
1.1714126007478698
1.1479702176209834
1.126266555413194
1.1061084652247146
1.087332497570724
1.0697991091901207
1.0533882182753096
1.0379957480807769
1.0235309062688205
1.0099140196285583
0.9970747933751974
0.9849508988234935
0.9734868177427634
0.9626328893257793
0.9523445185443328
0.9425815141335686
0.9333075315094643
0.9244896012462821
0.9160977277912488
0.9081045462042511
0.9004850271194166
0.8932162220061877
0.8862770422867667
0.8796480670385337
0.8733113749443286
0.8672503969031353
0.8614497863187901
0.8558953045754679
0.8505737196094769
0.845472715815612
0.8405808137972033
0.8358872986932867
0.8313821560028287
0.827056013981667
0.8229000918184077
0.8189061529053938
0.8150664626136849
0.8113737500596614
0.8078211734177843
0.8044022883911351
0.8011110195002392
0.7979416338926226
0.7948887174116825
0.7919471526946347
0.7891120990962986
0.7863789742589207
0.7837434371686121
0.7812013725567698
0.7787488765203925
0.7763822432488201
0.7740979527563948
0.7718926595310531
0.7697631820181547
0.767706492867043
0.7657197098750884
0.7638000875704161
0.761945009380222
0.7601519803366841
0.7584186202770095
0.7567426574982085
0.7551219228308176
0.7535543440990363
0.752037940937661
0.7505708199388123
0.749151170103817
0.7477772585777194
0.7464474266458235
0.7451600859733889
0.7439137150711813
0.7427068559709864
0.7415381110964927
0.7404061403161132
0.7393096581653799
0.7382474312275149
0.7372182756616613
0.7362210548690615
0.7352546772882108
0.7343180943106755
0.7334102983098939
0.7325303207758261
0.7316772305488493
0.7308501321467593
0.7300481641791806
0.7292704978440838
0.7285163355014822
0.7277849093197145
0.7270754799900369
0.726387335505536
0.7257197900006407
0.7250721826477566
0.7244438766077774
0.723834258031438
0.7232427351086663
0.7226687371632784
0.7221117137905252
0.7215711340351559
0.7210464856078111
0.7205372741376891
0.7200430224595604
0.7195632699333163
0.7190975717943496
0.7186454985331676
0.7182066353027292
0.7177805813520911
0.7173669494850231
0.7169653655423396
0.7165754679067563
0.7161969070291567
0.7158293449752104
0.7154724549913483
0.7151259210891514
0.7147894376472677
0.7144627090300112
0.7141454492218534
0.713837381477051
0.7135382379837014
0.7132477595415498
0.7129656952529106
0.7126918022260983
0.7124258452907953
0.7121675967248108
0.711916835991718
0.7116733494888778
0.7114369303053876
0.7112073779895096
0.7109844983251649
0.7107681031170898
0.7105580099842826
0.7103540421613728
0.7101560283075784
0.7099638023229209
0.7097772031713885
0.7095960747107546
0.7094202655287682
0.7092496287854515
0.7090840220612442
0.7089233072107594
0.708767350221911
0.7086160210801982
0.7084691936379315
0.7083267454882021
0.7081885578434005
0.7080545154181038
0.7079245063161518
0.7077984219217506
0.7076761567944383
0.7075576085677651
0.7074426778515369
0.7073312681374876
0.7072232857082424
0.7071186395494482
0.7070172412649449
0.706919004994865
0.706823847336546
0.7067316872681503
0.7066424460748894
0.7065560472777548
0.70647241656466
0.7063914817239048
0.706313172579874
0.7062374209308899
0.706164160489136
0.7060933268225784
0.7060248572988091
0.7059586910307446
0.7058947688241082
0.7058330331266349
0.705773427978935
0.7057158989669577
0.7056603931759953
0.7056068591461782
0.705555246829401
0.7055055075476345
0.7054575939525733
0.7054114599865693
0.7053670608448115
0.7053243529387035
0.7052832938604005
0.705243842348464
0.7052059582545975
0.7051696025114224
0.7051347371012638
0.7051013250259073
0.7050693302772956
0.7050387178091334
0.7050094535093695
0.704981504173526
0.7049548374788481
0.7049294219592438
0.704905226980992
0.7048822227191879
0.7048603801349063
0.7048396709530554
0.7048200676409019
0.7048015433872413
0.7047840720821962
0.7047676282976202
0.7047521872680865
0.7047377248724476
0.7047242176159384
0.7047116426128168
0.7046999775695131
0.7046892007682812
0.7046792910513299
0.7046702278054213
0.7046619909469212
0.7046545609072867
0.7046479186189789
0.7046420455017837
0.7046369234495328
0.7046325348172088
0.704628862408423
0.7046258894632558
0.7046235996464465
0.7046219770359246
0.704621006111667
0.7046206717448777
0.7046209591874741
0.7046218540618746
0.7046233423510757
0.7046254103890119
0.7046280448511879
0.7046312327455766
0.7046349614037731
0.7046392184723986
0.7046439919047459
0.7046492699526586
0.7046550411586396
0.7046612943481773
0.7046680186222893
0.7046752033502708
0.7046828381626465
0.7046909129443175
0.7046994178278976
0.7047083431872346
0.7047176796311103
0.7047274179971131
0.7047375493456806
0.7047480649543045
0.704758956311896
0.7047702151133028
0.7047818332539789
0.704793802824797
0.7048061161070043
0.7048187655673145
0.7048317438531324
0.7048450437879096
0.7048586583666235
0.7048725807513814
0.7048868042671395
0.7049013223975411
0.7049161287808637
0.7049312172060758
0.7049465816090001
0.7049622160685789
0.7049781148032386
0.7049942721673526
0.7050106826477973
0.7050273408606006
0.7050442415476782
0.7050613795736587
0.70507874992279
0.7050963476959299
0.7051141681076151
0.705132206483208
0.7051504582561176
0.7051689189650956
0.7051875842516019
0.705206449857239
0.7052255116212554
0.7052447654781125
0.7052642074551163
0.7052838336701108
0.7053036403292304
0.7053236237247128
0.7053437802327668
0.705364106311497
0.7053845984988817
0.7054052534108028
0.7054260677391279
0.7054470382498402
0.7054681617812191
0.705489435242065
0.705510855609972
0.7055324199296439
0.7055541253112538
0.7055759689288463
0.7055979480187794
0.7056200598782072
0.7056423018636022
0.7056646713893133
0.7056871659261624
0.7057097830000765
0.7057325201907533
0.7057553751303621
0.7057783455022785
0.7058014290398479
0.7058246235251847
0.7058479267879983
0.7058713367044511
0.705894851196044
0.7059184682285308
0.7059421858108599
0.7059660019941421
0.7059899148706452
0.7060139225728134
0.7060380232723112
0.7060622151790921
0.7060864965404895
0.7061108656403308
0.7061353207980746
0.7061598603679681
0.7061844827382259
0.7062091863302299
0.7062339695977489
0.706258831026177
0.7062837691317915
0.7063087824610291
0.7063338695897808
0.7063590291227024
0.7063842596925444
0.7064095599594963
0.7064349286105494
0.7064603643588728
0.7064858659432073
0.7065114321272723
0.7065370616991885
0.7065627534709135
0.7065885062776939
0.7066143189775272
0.70664019045064
0.7066661195989773
0.7066921053457053
0.706718146634725
0.7067442424301998
0.7067703917160923
0.7067965934957141
0.7068228467912856
0.7068491506435076
0.7068755041111416
0.7069019062706026
0.7069283562155593
0.7069548530565459
0.7069813959205825
0.707007983950805
0.7070346163061031
0.7070612921607689
0.7070880107041513
0.707114771140322
0.707141572687746
0.7071684145789635
0.7071952960602764
0.7072222163914449
0.707249174845389
0.7072761707078995
0.7073032032773542
0.7073302718644413
0.7073573757918903
0.7073845143942078
0.7074116870174211
0.707438893018827
0.707466131766747
0.7074934026402876
0.7075207050291074
0.7075480383331892
0.7075754019626173
0.7076027953373603
0.7076302178870589
0.7076576690508193
0.7076851482770108
0.7077126550230679
0.707740188755298
0.7077677489486938
0.7077953350867483
0.707822946661276
0.7078505831722381
0.7078782441275705
0.7079059290430173
0.7079336374419671
0.7079613688552941
0.7079891228212023
0.7080168988850731
0.7080446965993175
0.7080725155232303
0.7081003552228489
0.7081282152708149
0.708156095246239
0.7081839947345685
0.7082119133274589
0.7082398506226477
0.7082678062238309
0.7082957797405438
0.7083237707880421
0.7083517789871886
0.7083798039643396
0.7084078453512371
0.7084359027848998
0.7084639759075196
0.7084920643663597
0.708520167813654
0.7085482859065095
0.7085764183068115
0.70860456468113
0.7086327247006285
0.7086608980409755
0.7086890843822568
0.7087172834088908
0.708745494809546
0.7087737182770584
0.7088019535083531
0.7088302002043666
0.7088584580699705
0.7088867268138976
0.7089150061486694
0.7089432957905252
0.7089715954593523
0.7089999048786191
0.7090282237753082
0.7090565518798517
0.7090848889260681
0.7091132346511002
0.7091415887953542
0.7091699511024413
0.7091983213191185
0.7092266991952336
0.709255084483668
0.7092834769402839
0.7093118763238706
0.7093402823960927
0.7093686949214395
0.7093971136671756
0.7094255384032916
0.7094539689024579
0.7094824049399768
0.709510846293738
0.7095392927441736
0.7095677440742155
0.7095962000692515
0.7096246605170848
0.7096531252078923
0.709681593934185
0.7097100664907698
0.7097385426747101
0.7097670222852892
0.7097955051239725
0.7098239909943737
0.7098524797022174
0.7098809710553069
0.7099094648634888
0.7099379609386214
0.7099664590945414
0.7099949591470334
0.7100234609137983
0.7100519642144228
0.7100804688703511
0.7101089747048545
0.7101374815430028
0.7101659892116384
0.710194497539347
0.710223006356432
0.710251515494888
0.7102800247883747
0.7103085340721933
0.71033704318326
0.7103655519600836
0.7103940602427405
0.7104225678728525
0.7104510746935638
0.7104795805495192
0.7105080852868412
0.7105365887531099
0.7105650907973415
0.710593591269968
0.7106220900228168
0.7106505869090918
0.7106790817833525
0.7107075745014969
0.7107360649207418
0.7107645528996052
0.7107930382978875
0.7108215209766555
0.7108500007982237
0.7108784776261385
0.7109069513251612
0.7109354217612521
0.7109638888015546
0.710992352314379
0.7110208121691874
0.7110492682365803
0.7110777203882791
0.711106168497114
0.7111346124370085
0.7111630520829658
0.7111914873110557
0.7112199179984005
0.711248344023162
0.7112767652645285
0.7113051816027027
0.711333592918889
0.7113619990952801
0.7113904000150472
0.7114187955623261
0.7114471856222074
0.7114755700807235
0.7115039488248388
0.7115323217424376
0.7115606887223146
0.7115890496541629
0.7116174044285647
0.7116457529369805
0.7116740950717392
0.7117024307260287
0.7117307597938853
0.7117590821701849
0.7117873977506332
0.7118157064317568
0.7118440081108942
0.7118723026861866
0.7119005900565691
0.7119288701217628
0.7119571427822652
0.7119854079393431
0.7120136654950235
0.712041915352086
0.712070157414055
0.7120983915851915
0.7121266177704855
0.712154835875649
0.712183045807108
0.7122112474719954
0.7122394407781442
0.7122676256340795
0.7122958019490129
0.712323969632834
0.7123521285961052
0.7123802787500547
0.7124084200065688
0.7124365522781873
0.7124646754780958
0.71249278952012
0.7125208943187197
0.7125489897889825
0.7125770758466179
0.7126051524079513
0.7126332193899187
0.7126612767100609
0.7126893242865168
0.7127173620380197
0.7127453898838909
0.7127734077440339
0.71280141553893
0.7128294131896326
0.7128574006177621
0.7128853777455011
0.7129133444955893
0.712941300791318
0.7129692465565267
0.7129971817155966
0.7130251061934471
0.7130530199155306
0.7130809228078281
0.7131088147968448
0.7131366958096055
0.7131645657736498
0.7131924246170287
0.7132202722682994
0.7132481086565219
0.713275933711254
0.7133037473625474
0.7133315495409447
0.7133593401774738
0.7133871192036447
0.7134148865514462
0.7134426421533409
0.713470385942262
0.7134981178516094
0.7135258378152466
0.713553545767496
0.7135812416431359
0.7136089253773973
0.7136365969059594
0.7136642561649469
0.7136919030909261
0.7137195376209022
0.7137471596923152
0.7137747692430364
0.7138023662113665
0.7138299505360309
0.7138575221561771
0.7138850810113718
0.7139126270415971
0.713940160187248
0.7139676803891293
0.713995187588452
0.7140226817268316
0.7140501627462836
0.7140776305892215
0.7141050851984538
0.7141325265171815
0.7141599544889942
0.7141873690578685
0.7142147701681647
0.714242157764624
0.7142695317923661
0.7142968921968863
0.7143242389240534
0.714351571920106
0.7143788911316509
0.7144061965056606
0.71443348798947
0.7144607655307745
0.7144880290776273
0.7145152785784374
0.7145425139819664
0.7145697352373268
0.7145969422939791
0.7146241351017301
0.71465131361073
0.7146784777714703
0.714705627534782
0.7147327628518322
0.714759883674123
0.7147869899534892
0.7148140816420951
0.7148411586924339
0.7148682210573236
0.7148952686899073
0.7149223015436489
0.7149493195723323
0.714976322730059
0.7150033109712455
0.7150302842506226
0.7150572425232327
0.7150841857444269
0.7151111138698645
0.7151380268555104
0.7151649246576331
0.7151918072328032
0.7152186745378912
0.7152455265300653
0.7152723631667904
0.7152991844058256
0.7153259902052224
0.7153527805233235
0.7153795553187602
0.7154063145504514
0.7154330581776011
0.7154597861596973
0.7154864984565098
0.7155131950280887
0.7155398758347632
0.7155665408371388
0.7155931899960967
0.7156198232727913
0.7156464406286493
0.715673042025368
0.7156996274249129
0.715726196789517
0.7157527500816789
0.7157792872641614
0.7158058082999893
0.7158323131524484
0.7158588017850845
0.7158852741617007
0.7159117302463566
0.715938170003367
0.7159645933972997
0.7159910003929749
0.7160173909554629
0.7160437650500835
0.7160701226424037
0.7160964636982371
0.7161227881836418
0.7161490960649196
0.7161753873086142
0.7162016618815099
0.7162279197506305
0.7162541608832373
0.7162803852468292
0.7163065928091393
0.7163327835381352
0.716358957402017
0.7163851143692164
0.7164112544083947
0.7164373774884424
0.7164634835784773
0.7164895726478437
0.7165156446661107
0.7165416996030711
0.7165677374287404
0.7165937581133551
0.7166197616273723
0.7166457479414678
0.7166717170265349
0.7166976688536836
0.7167236033942389
0.7167495206197406
0.716775420501941
0.7168013030128044
0.7168271681245059
0.7168530158094298
0.7168788460401695
0.716904658789525
0.7169304540305032
0.7169562317363156
0.7169819918803779
0.7170077344363088
0.717033459377929
0.7170591666792594
0.7170848563145211
0.717110528258134
0.7171361824847151
0.7171618189690787
0.7171874376862336
0.717213038611384
0.7172386217199272
0.7172641869874532
0.7172897343897433
0.7173152639027692
0.7173407755026922
0.7173662691658621
0.7173917448688163
0.7174172025882785
0.7174426423011582
0.7174680639845492
0.7174934676157295
0.7175188531721595
0.7175442206314812
0.7175695699715176
0.7175949011702718
0.7176202142059257
0.7176455090568393
0.7176707857015501
0.7176960441187711
0.7177212842873913
0.7177465061864743
0.7177717097952567
0.7177968950931484
0.7178220620597305
0.7178472106747558
0.7178723409181467
0.7178974527699951
0.7179225462105611
0.7179476212202724
0.717972677779724
0.7179977158696756
0.7180227354710529
0.7180477365649457
0.7180727191326067
0.718097683155452
0.7181226286150584
0.7181475554931649
0.7181724637716695
0.7181973534326307
0.7182222244582647
0.718247076830946
0.7182719105332059
0.718296725547732
0.7183215218573676
0.7183462994451104
0.7183710582941124
0.7183957983876784
0.7184205197092658
0.7184452222424841
0.7184699059710931
0.7184945708790034
0.7185192169502748
0.7185438441691158
0.7185684525198832
0.718593041987081
0.7186176125553596
0.7186421642095158
0.7186666969344909
0.7186912107153713
0.7187157055373871
0.7187401813859109
0.7187646382464583
0.7187890761046866
0.7188134949463939
0.7188378947575186
0.7188622755241391
0.7188866372324725
0.7189109798688744
0.718935303419838
0.7189596078719936
0.7189838932121079
0.7190081594270831
0.7190324065039566
0.7190566344299004
0.7190808431922199
0.7191050327783539
0.7191292031758739
0.7191533543724827
0.7191774863560151
0.7192015991144358
0.71922569263584
0.7192497669084521
0.7192738219206256
0.7192978576608416
0.7193218741177094
0.7193458712799652
0.7193698491364707
0.7193938076762146
0.7194177468883102
0.7194416667619953
0.7194655672866319
0.7194894484517056
0.7195133102468245
0.7195371526617194
0.7195609756862422
0.7195847793103667
0.7196085635241867
0.7196323283179162
0.719656073681889
0.7196797996065571
0.7197035060824913
0.7197271931003802
0.7197508606510297
0.719774508725362
0.7197981373144158
0.7198217464093453
0.7198453360014201
0.7198689060820239
0.7198924566426546
0.7199159876749236
0.7199394991705553
0.7199629911213866
0.7199864635193661
0.7200099163565542
0.7200333496251218
0.7200567633173502
0.7200801574256314
0.7201035319424653
0.7201268868604621
0.7201502221723393
0.7201735378709231
0.7201968339491465
0.7202201104000495
0.720243367216779
0.7202666043925868
0.7202898219208314
0.720313019794975
0.720336198008585
0.7203593565553327
0.7203824954289927
0.7204056146234429
0.7204287141326634
0.7204517939507369
0.7204748540718471
0.7204978944902795
0.7205209152004196
0.7205439161967541
0.7205668974738685
0.7205898590264485
0.7206128008492778
0.7206357229372394
0.7206586252853137
0.7206815078885788
0.7207043707422102
0.7207272138414796
0.7207500371817549
0.7207728407585006
0.7207956245672755
0.7208183886037339
0.7208411328636246
0.72086385734279
0.720886562037167
0.7209092469427846
0.7209319120557656
0.7209545573723244
0.720977182888768
0.7209997886014944
0.7210223745069932
0.7210449406018443
0.7210674868827183
0.721090013346375
0.7211125199896645
0.721135006809526
0.7211574738029862
0.7211799209671617
0.7212023482992558
0.7212247557965598
0.721247143456452
0.7212695112763975
0.7212918592539473
0.7213141873867391
0.7213364956724956
0.7213587841090244
0.7213810526942185
0.721403301426055
0.721425530302595
0.7214477393219833
0.7214699284824478
0.7214920977822996
0.7215142472199318
0.7215363767938203
0.7215584865025221
0.7215805763446761
0.7216026463190021
0.7216246964243005
0.7216467266594518
0.7216687370234173
0.7216907275152367
0.7217126981340298
0.721734648878995
0.7217565797494092
0.7217784907446275
0.7218003818640828
0.7218222531072858
0.7218441044738234
0.7218659359633607
0.7218877475756378
0.7219095393104717
0.7219313111677553
0.7219530631474563
0.7219747952496177
0.7219965074743575
0.7220181998218678
0.722039872292415
0.722061524886339
0.7220831576040531
0.7221047704460439
0.7221263634128705
0.7221479365051648
0.7221694897236303
0.7221910230690424
0.7222125365422483
0.722234030144166
0.7222555038757842
0.7222769577381625
0.7222983917324303
0.722319805859787
0.7223412001215015
0.7223625745189122
0.7223839290534259
0.7224052637265185
0.7224265785397338
0.7224478734946838
0.7224691485930481
0.7224904038365741
0.7225116392270758
0.7225328547664338
0.7225540504565959
0.7225752262995753
0.7225963822974516
0.72261751845237
0.7226386347665404
0.7226597312422385
0.7226808078818042
0.7227018646876416
0.7227229016622198
0.7227439188080705
0.7227649161277901
0.7227858936240374
0.7228068512995349
0.722827789157067
0.7228487071994809
0.7228696054296864
0.722890483850654
0.7229113424654169
0.7229321812770687
0.7229530002887645
0.7229737995037203
0.7229945789252119
0.7230153385565757
0.7230360784012078
0.7230567984625644
0.7230774987441605
0.7230981792495702
0.7231188399824272
0.7231394809464226
0.7231601021453066
0.7231807035828871
0.7232012852630302
0.7232218471896585
0.7232423893667531
0.7232629117983511
0.7232834144885469
0.7233038974414908
0.7233243606613899
0.7233448041525067
0.7233652279191599
0.7233856319657235
0.723406016296626
0.7234263809163518