0.823458232009895
0.9589449741308842
1.074562422349419
1.1769702542746443
1.2578136528477828
1.3249638439231837
1.3746712743145646
1.4236687396437897
1.4662531159697216
1.5090664879508988
1.548257362411637
1.5859265573771406
1.6212412647122052
1.6548576902161851
1.6867888129811488
1.7172650853605602
1.746406364844898
1.7743399936182418
1.8011688157720873
1.8269842188464707
1.851865814095345
1.8758838704077685
1.89910065144956
1.9215716295007292
1.9433464548826749
1.9644697600296475
1.984981827381867
2.0049191486025637
2.0243148957325268
2.0431993205327137
2.0616000948472535
2.079542602210573
2.097050188903721
2.1141443810906977
2.1308450734284845
2.147170693565162
2.163138346159788
2.178763939431487
2.1940622967399688
2.209047255288913
2.2237317537092247
2.238127910004086
2.25224709111125
2.2660999751502477
2.2796966072660716
2.2930464498503556
2.306158427811628
2.319040969473746
2.331702043603965
2.344149193005636
2.356389565054367
2.3684299395082493
2.3802767538816925
2.3919361266367
2.4034138784151104
2.414715551508979
2.425846427742933
2.43681154492327
2.4476157119904065
2.4582635229964716
2.468759370017075
2.479107455093822
2.4893118012947095
2.499376262969909
2.509304535272881
2.5191001630099517
2.5287665488745388
2.5383069611172835
2.5477245406985873
2.557022307964668
2.566203168885612
2.5752699208897356
2.5842252583252856
2.5930717775778107
2.601811981869758
2.6104482857657927
2.618983019404237
2.627418432476512
2.6357566979713045
2.643999915700266
2.652150115620392
2.660209260968095
2.6681792512161273
2.676061924866705
2.6838590620915674
2.6915723872280455
2.699203571141592
2.706754233462637
2.714225944706555
2.7216202282834256
2.728938562404138
2.7361823818909667
2.743353079895378
2.750452009532118
2.7574804854323123
2.764439785221026
2.7713311509224465
2.778155790300879
2.7849148781356807
2.7916095574374804