2.4752626544003515
2.102535558606082
1.8932194766628423
1.7492715390620035
1.6404562187212866
1.5535801535348126
1.4817102982416914
1.420750947016608
1.3680797444764428
1.3219159313806716
1.2809946512455264
1.2443850145140172
1.211381916266901
1.1814384043731518
1.1541216231504836
1.129083109866875
1.1060381741962308
1.0847512185775514
1.0650250566872395
1.0466929903096216
1.0296128314218367
1.0136623229537003
0.9987355828593175
0.9847403086570938
0.9715955551445223
0.9592299497017746
0.9475802456080246
0.9365901392724567
0.9262092955714702
0.9163925387888896
0.9070991764548862
0.8982924306783298
0.8899389570617717
0.882008435465118
0.8744732200884425
0.8673080388238222
0.8604897337600462
0.8539970362439174
0.8478103711048108
0.8419116856076444
0.8362842994679481
0.8309127728826314
0.825782790032934
0.8208810559261515
0.8161952047789292
0.8117137184218258
0.8074258534340144
0.8033215759074542
0.7993915028988503
0.795626849760955
0.7920193826568426
0.7885613756554448
0.7852455718868234
0.7820651483038492
0.779013683655124
0.7760851293237532
0.7732737827293003
0.7705742630270215
0.7679814888702272
0.7654906580290822
0.7630972286830028
0.7607969022245449
0.7585856074307676
0.7564594858738625
0.7544148784566894
0.7524483129710299
0.7505564925870563
0.7487362851919616
0.746984713504025
0.7452989458957655
0.7436762878663874
0.7421141741095234
0.7406101611274669
0.7391619203476903
0.7377672317015725
0.7364239776289391
0.7351301374753237
0.7338837822518215
0.7326830697300662
0.7315262398472635
0.7304116103983619
0.7293375729944086
0.72830258926788
0.7273051873073839
0.7263439583055672
0.7254175534053768
0.7245246807310053
0.7236641025909436
0.7228346328415368
0.722035134400347
0.7212645168994373
0.7205217344694472
0.7198057836460056
0.719115701390658
0.7184505632190604
0.7178094814297108
0.7171916034269781
0.716596110132631
0.7160222144804751
0.7154691599890823
0.7149362194079469
0.7144226934327134
0.7139279094854247
0.7134512205560033
0.7129920041014345
0.712549660999352
0.7121236145529383
0.7117133095442563
0.7113182113333112
0.7109378050003112
0.710571594528759
0.7102191020271493
0.7098798669871912
0.7095534455765928
0.7092394099645766
0.7089373476783928
0.708646860989211
0.7083675663258618
0.7080990937149897
0.707841086246266
0.7075931995613878
0.7073551013656568
0.7071264709610138
0.7069069987994504
0.7066963860557985
0.7064943442189402
0.7063005947005401
0.7061148684604529
0.7059369056479994
0.7057664552583536
0.7056032748033231
0.7054471299958396
0.7052977944475192
0.7051550493786807
0.7050186833402438
0.7048884919469609
0.7047642776214624
0.7046458493486218
0.7045330224397761
0.7044256183063549
0.7043234642424978
0.7042263932162627
0.7041342436690394
0.7040468593228132
0.7039640889949302
0.7038857864200416
0.7038118100789129
0.7037420230338044
0.7036762927701413
0.7036144910442045
0.7035564937365886
0.7035021807111812
0.7034514356794349
0.7034041460697092
0.7033602029014724
0.7033195006641618
0.7032819372005128
0.7032474135941713
0.7032158340614167
0.7031871058468285
0.7031611391227376
0.7031378468923102
0.7031171448961182
0.7030989515220603
0.7030831877184964
0.703069776910475
0.7030586449189244
0.7030497198827008
0.7030429321833735
0.7030382143726487
0.7030355011023237
0.7030347290566811
0.7030358368872215
0.7030387651496557
0.7030434562430602
0.7030498543511235
0.703057905385398
0.703067556930487
0.7030787581910903
0.7030914599408452
0.703105614472889
0.703121175552087
0.7031380983688597
0.7031563394945535
0.7031758568382962
0.7031966096052873
0.7032185582564664
0.7032416644695146
0.703265891101138
0.7032912021505883
0.7033175627243773
0.7033449390021426
0.7033732982036223
0.7034026085567014
0.7034328392664925
0.703463960485412
0.7034959432842207
0.7035287596239924
0.7035623823289797
0.7035967850603455
0.7036319422907316
0.7036678292796331
0.7037044220495546
0.7037416973629187
0.703779632699702
0.7038182062357745
0.7038573968219197
0.7038971839635083
0.7039375478008096
0.703978469089914
0.7040199291842496
0.7040619100166714
0.7041043940821041
0.7041473644207231
0.7041908046016506
0.7042346987071549
0.7042790313173344
0.7043237874952699
0.7043689527726309
0.7044145131357208
0.7044604550119469
0.704506765256702
0.7045534311406423
0.7046004403373521
0.7046477809113803
0.7046954413066367
0.7047434103351408
0.7047916771661039
0.7048402313153438
0.704889062635013
0.7049381613036354
0.7049875178164404
0.705037122975985
0.7050869678830547
0.7051370439278355
0.7051873427813469
0.7052378563871295
0.7052885769531783
0.7053394969441139
0.7053906090735854
0.7054419062968964
0.7054933818038486
0.705545029011795
0.7055968415588985
0.7056488132975852
0.7057009382881932
0.7057532107928041
0.7058056252692553
0.7058581763653288
0.7059108589131068
0.7059636679234941
0.7060165985808977
0.706069646238062
0.7061228064110547
0.7061760747743968
0.7062294471563337
0.7062829195342452
0.7063364880301858
0.7063901489065554
0.7064438985618943
0.7064977335268005
0.7065516504599639
0.7066056461443151
0.7066597174832852
0.7067138614971726
0.7067680753196165
0.7068223561941683
0.706876701470965
0.7069311086034957
0.7069855751454621
0.7070400987477296
0.7070946771553638
0.7071493082047546
0.7072039898208208
0.7072587200142955
0.7073134968790897
0.7073683185897307
0.7074231833988744
0.7074780896348886
0.7075330356995048
0.707588020065539
0.7076430412746764
0.7076980979353196
0.7077531887204987
0.707808312365841
0.7078634676675993
0.7079186534807361
0.7079738687170635
0.7080291123434346
0.708084383379989
0.7081396808984474
0.7081950040204544
0.7082503519159707
0.7083057238017094
0.7083611189396187
0.7084165366354074
0.7084719762371129
0.7085274371337104
0.7085829187537623
0.7086384205641062
0.7086939420685806
0.7087494828067873
0.7088050423528903
0.7088606203144484
0.7089162163312814
0.7089718300743704
0.7090274612447881
0.7090831095726619
0.7091387748161653
0.7091944567605408
0.7092501552171482
0.709305870022543
0.7093616010375816
0.7094173481465508
0.7094731112563241
0.7095288902955422
0.7095846852138188
0.7096404959809665
0.7096963225862489
0.7097521650376534
0.7098080233611843
0.7098638976001785
0.70991978781464
0.7099756940805959
0.7100316164894691
0.7100875551474715
0.7101435101750149
0.7101994817061386
0.7102554698879562
0.7103114748801156
0.7103674968542787
0.7104235359936146
0.7104795924923089
0.7105356665550876
0.7105917583967557
0.7106478682417499
0.7107039963237035
0.7107601428850273
0.710816308176501
0.7108724924568781
0.7109286959925031
0.7109849190569401
0.7110411619306128
0.7110974249004574
0.711153708259583
0.7112100123069464
0.7112663373470345
0.7113226836895574
0.7113790516491524
0.711435441545095
0.7114918537010219
0.7115482884446607
0.7116047461075695
0.7116612270248843
0.7117177315350752
0.7117742599797098
0.7118308127032249
0.7118873900527056
0.7119439923776724
0.7120006200298731
0.7120572733630847
0.7121139527329193
0.7121706584966392
0.7122273910129756
0.7122841506419546
0.7123409377447305
0.7123977526834231
0.7124545958209604
0.7125114675209292
0.712568368147428
0.7126252980649279
0.7126822576381361
0.7127392472318657
0.7127962672109099
0.7128533179399215
0.7129103997832944
0.7129675131050532
0.713024658268744
0.7130818356373302
0.7131390455730935
0.713196288437536
0.7132535645912894
0.7133108743940254
0.71336821820437
0.7134255963798227
0.713483009276677
0.7135404572499457
0.7135979406532889
0.7136554598389434
0.7137130151576592
0.7137706069586338
0.7138282355894529
0.7138859013960321
0.7139436047225624
0.7140013459114563
0.7140591253032994
0.7141169432368003
0.714174800048748
0.7142326960739657
0.7142906316452715
0.7143486070934395
0.7144066227471619
0.714464678933015
0.7145227759754256
0.7145809141966402
0.7146390939166952
0.7146973154533902
0.7147555791222612
0.7148138852365568
0.7148722341072153
0.7149306260428439
0.7149890613496985
0.7150475403316661
0.7151060632902477
0.7151646305245426
0.7152232423312346
0.7152818990045792
0.715340600836391
0.7153993481160347
0.7154581411304143
0.7155169801639658
0.7155758654986497
0.7156347974139445
0.7156937761868417
0.7157528020918426
0.7158118754009528
0.7158709963836825
0.7159301653070423
0.715989382435545
0.7160486480312038
0.7161079623535342
0.7161673256595554
0.7162267382037926
0.7162862002382795
0.7163457120125638
0.7164052737737091
0.716464885766302
0.7165245482324565
0.7165842614118202
0.7166440255415817
0.7167038408564771
0.7167637075887985
0.7168236259684012
0.7168835962227131
0.716943618576744
0.7170036932530949
0.7170638204719674
0.7171240004511754
0.7171842334061548
0.7172445195499749
0.7173048590933504
0.7173652522446522
0.7174256992099205
0.7174862001928767
0.7175467553949361
0.717607365015221
0.7176680292505745
0.7177287482955728
0.7177895223425398
0.7178503515815611
0.7179112362004973
0.7179721763849998
0.7180331723185236
0.7180942241823437
0.7181553321555687
0.718216496415157
0.7182777171359305
0.7183389944905914
0.7184003286497372
0.718461719781876
0.7185231680534421
0.7185846736288123
0.7186462366703218
0.7187078573382795
0.718769535790985
0.7188312721847435
0.7188930666738839
0.7189549194107723
0.7190168305458315
0.7190788002275551
0.7191408286025243
0.7192029158154248
0.7192650620090633
0.7193272673243833
0.7193895319004828
0.7194518558746289
0.7195142393822764
0.7195766825570827
0.7196391855309255
0.719701748433919
0.719764371394429
0.7198270545390917
0.7198897979928286
0.7199526018788636
0.7200154663187388
0.7200783914323314
0.7201413773378702
0.7202044241519509
0.7202675319895538
0.7203307009640588
0.7203939311872626
0.7204572227693933
0.7205205758191288
0.7205839904436103
0.72064746674846
0.7207110048377966
0.7207746048142503
0.7208382667789803
0.7209019908316883
0.7209657770706364
0.7210296255926607
0.7210935364931882
0.7211575098662517
0.7212215458045049
0.721285644399238
0.7213498057403932
0.7214140299165788
0.7214783170150854
0.7215426671219
0.7216070803217215
0.721671556697975
0.7217360963328266
0.7218006993071984
0.7218653657007824
0.7219300955920556
0.7219948890582933
0.7220597461755849
0.7221246670188467
0.7221896516618368
0.7222547001771683
0.7223198126363242
0.7223849891096701
0.7224502296664692
0.7225155343748942
0.7225809033020427
0.7226463365139492
0.7227118340755987
0.7227773960509405
0.722843022502901
0.7229087134933967
0.7229744690833467
0.7230402893326864
0.7231061743003797
0.7231721240444317
0.7232381386219016
0.7233042180889144
0.7233703625006743
0.723436571911476
0.7235028463747173
0.7235691859429114
0.7236355906676986
0.7237020605998575
0.7237685957893184
0.7238351962851739
0.72390186213569
0.7239685933883188
0.7240353900897093
0.7241022522857188
0.7241691800214238
0.7242361733411318
0.7243032322883914
0.7243703569060043
0.7244375472360354
0.7245048033198234
0.7245721251979921
0.7246395129104607
0.724706966496454
0.7247744859945134
0.7248420714425063
0.7249097228776372
0.7249774403364571
0.7250452238548739
0.7251130734681623
0.7251809892109736
0.7252489711173455
0.7253170192207118
0.7253851335539117
0.7254533141491993
0.7255215610382537
0.7255898742521877
0.7256582538215568
0.7257266997763693
0.7257952121460944
0.7258637909596717
0.7259324362455202
0.7260011480315466
0.7260699263451545
0.7261387712132531
0.7262076826622654
0.726276660718137
0.7263457054063445
0.7264148167519039
0.7264839947793783
0.7265532395128872
0.7266225509761137
0.7266919291923127
0.7267613741843192
0.7268308859745557
0.7269004645850405
0.7269701100373953
0.7270398223528528
0.7271096015522641
0.7271794476561064
0.7272493606844908
0.7273193406571692
0.7273893875935418
0.7274595015126641
0.7275296824332549
0.7275999303737023
0.7276702453520711
0.7277406273861106
0.7278110764932605
0.7278815926906579
0.7279521759951444
0.7280228264232729
0.7280935439913135
0.7281643287152615
0.7282351806108419
0.728306099693518
0.7283770859784964
0.7284481394807334
0.7285192602149423
0.7285904481955984
0.7286617034369463
0.7287330259530042
0.7288044157575728
0.7288758728642385
0.7289473972863809
0.729018989037178
0.7290906481296121
0.7291623745764766
0.7292341683903799
0.7293060295837526
0.7293779581688519
0.7294499541577686
0.7295220175624306
0.7295941483946108
0.72966634666593
0.7297386123878645
0.7298109455717493
0.7298833462287851
0.7299558143700424
0.7300283500064675
0.7301009531488862
0.7301736238080107
0.7302463619944433
0.7303191677186816
0.7303920409911236
0.7304649818220729
0.7305379902217429
0.7306110662002613
0.7306842097676763
0.7307574209339597
0.7308306997090123
0.7309040461026685
0.7309774601247011
0.7310509417848248
0.7311244910927018
0.7311981080579462
0.7312717926901269
0.7313455449987742
0.731419364993383
0.7314932526834164
0.7315672080783109
0.7316412311874808
0.7317153220203216
0.7317894805862148
0.731863706894531
0.7319380009546352
0.7320123627758905
0.7320867923676617
0.732161289739319
0.7322358549002432
0.7323104878598281
0.7323851886274854
0.7324599572126479
0.7325347936247742
0.7326096978733513
0.732684669967899
0.7327597099179735
0.7328348177331712
0.7329099934231321
0.7329852369975435
0.7330605484661434
0.733135927838725
0.733211375125139
0.7332868903352971
0.733362473479177
0.7334381245668243
0.7335138436083564
0.7335896306139661
0.7336654855939246
0.7337414085585854
0.7338173995183868
0.7338934584838561
0.733969585465612
0.7340457804743685
0.7341220435209381
0.7341983746162343
0.7342747737712754
0.734351240997188
0.7344277763052087
0.7345043797066888
0.7345810512130967
0.7346577908360207
0.7347345985871722
0.7348114744783893
0.734888418521639
0.7349654307290205
0.7350425111127684
0.7351196596852553
0.7351968764589945
0.7352741614466436
0.735351514661007
0.7354289361150389
0.7355064258218456
0.7355839837946888
0.7356616100469888
0.7357393045923268
0.7358170674444475
0.735894898617262
0.7359727981248508
0.7360507659814667
0.7361288022015366
0.7362069067996654
0.7362850797906376
0.7363633211894206
0.7364416310111679
0.7365200092712195
0.7365984559851081
0.736676971168558
0.73675555483749
0.7368342070080239
0.7369129276964801
0.7369917169193823
0.737070574693461
0.7371495010356555
0.7372284959631159
0.7373075594932063
0.737386691643507
0.7374658924318174
0.737545161876158
0.7376244999947731
0.7377039068061328
0.7377833823289368
0.737862926582115
0.7379425395848314
0.7380222213564861
0.7381019719167169
0.7381817912854034
0.738261679482668
0.7383416365288783
0.7384216624446508
0.7385017572508517
0.7385819209686005
0.7386621536192713
0.7387424552244962
0.7388228258061672
0.7389032653864379
0.7389837739877273
0.7390643516327206
0.7391449983443725
0.7392257141459094
0.7393064990608315
0.7393873531129147
0.7394682763262141
0.7395492687250654
0.7396303303340873
0.739711461178184
0.7397926612825473
0.7398739306726589
0.739955269374293
0.7400366774135185
0.7401181548167007
0.7401997016105044
0.740281317821896
0.7403630034781445
0.7404447586068261
0.7405265832358249
0.740608477393335
0.7406904411078634
0.740772474408233
0.7408545773235827
0.740936749883372
0.7410189921173813
0.7411013040557161
0.7411836857288073
0.741266137167415
0.74134865840263
0.7414312494658761
0.7415139103889129
0.7415966412038371
0.7416794419430861
0.7417623126394386
0.7418452533260185
0.7419282640362961
0.7420113448040906
0.7420944956635733
0.7421777166492678
0.7422610077960546
0.7423443691391716
0.742427800714218
0.7425113025571546
0.7425948747043084
0.7426785171923728
0.7427622300584108
0.7428460133398579
0.7429298670745235
0.7430137913005934
0.7430977860566322
0.743181851381586
0.743265987314784
0.7433501938959414
0.7434344711651615
0.743518819162938
0.7436032379301578
0.7436877275081023
0.7437722879384512
0.7438569192632832
0.7439416215250804
0.7440263947667284
0.7441112390315207
0.7441961543631598
0.7442811408057602
0.74436619840385
0.7444513272023753
0.7445365272467002
0.7446217985826101
0.7447071412563151
0.7447925553144512
0.7448780408040836
0.7449635977727079
0.7450492262682548
0.7451349263390898
0.7452206980340185
0.7453065414022866
0.7453924564935842
0.7454784433580475
0.745564502046261
0.7456506326092615
0.7457368350985386
0.7458231095660394
0.7459094560641689
0.7459958746457943
0.7460823653642473
0.7461689282733258
0.746255563427297
0.746342270880901
0.7464290506893514
0.7465159029083398
0.7466028275940382
0.7466898248031001
0.7467768945926655
0.7468640370203619
0.7469512521443074
0.7470385400231145
0.7471259007158909
0.7472133342822438
0.7473008407822824
0.7473884202766203
0.7474760728263784
0.747563798493188
0.747651597339193
0.747739469427054
0.7478274148199495
0.7479154335815804
0.7480035257761716
0.7480916914684757
0.7481799307237754
0.7482682436078875
0.7483566301871638
0.7484450905284964
0.7485336246993197
0.7486222327676126
0.7487109148019032
0.7487996708712705
0.748888501045348
0.7489774053943264
0.7490663839889578
0.7491554369005575
0.7492445642010079
0.7493337659627615
0.7494230422588439
0.7495123931628574
0.7496018187489841
0.7496913190919885
0.7497808942672217
0.7498705443506245
0.7499602694187302
0.750050069548668
0.7501399448181677
0.7502298953055605
0.750319921089785
0.7504100222503889
0.7505001988675334
0.750590451021996
0.7506807787951747
0.7507711822690908
0.7508616615263927
0.7509522166503599
0.7510428477249059
0.7511335548345824
0.7512243380645823
0.751315197500744
0.7514061332295549
0.7514971453381547
0.7515882339143402
0.751679399046567
0.7517706408239563
0.7518619593362961
0.7519533546740461
0.7520448269283418
0.7521363761909978
0.7522280025545126
0.7523197061120717
0.7524114869575514
0.7525033451855245
0.7525952808912622
0.7526872941707399
0.7527793851206399
0.7528715538383571
0.7529638004220018
0.7530561249704045
0.7531485275831205
0.7532410083604332
0.7533335674033594
0.7534262048136532
0.7535189206938101
0.7536117151470724
0.7537045882774323
0.7537975401896372
0.7538905709891942
0.7539836807823747
0.7540768696762181
0.7541701377785383
0.7542634851979262
0.7543569120437555
0.7544504184261877
0.7545440044561763
0.7546376702454717
0.7547314159066264
0.7548252415529993
0.7549191472987615
0.7550131332589003
0.7551071995492249
0.7552013462863706
0.7552955735878055
0.7553898815718342
0.755484270357603
0.7555787400651058
0.7556732908151896
0.7557679227295585
0.7558626359307805
0.7559574305422916
0.7560523066884026
0.7561472644943033
0.7562423040860689
0.7563374255906653
0.7564326291359549
0.7565279148507016
0.7566232828645773
0.7567187333081676
0.756814266312977
0.7569098820114358
0.7570055805369046
0.7571013620236821
0.7571972266070092
0.7572931744230762
0.7573892056090297
0.7574853203029767
0.7575815186439919
0.7576778007721253
0.7577741668284063
0.757870616954851
0.7579671512944698
0.7580637699912718
0.758160473190273
0.7582572610375028
0.7583541336800098
0.7584510912658692
0.7585481339441894
0.7586452618651194
0.7587424751798549
0.7588397740406463
0.7589371586008045
0.7590346290147089
0.7591321854378151
0.7592298280266608
0.759327556938874
0.7594253723331804
0.7595232743694105
0.7596212632085074
0.7597193390125344
0.7598175019446828
0.759915752169279
0.7600140898517928
0.7601125151588458
0.7602110282582183
0.7603096293188583
0.7604083185108887