2.4752626544003515
2.128631830978495
1.9296323819214776
1.7910476697567592
1.6855438483974692
1.6009449028810308
1.5307551863812725
1.4710969287504947
1.419468545203094
1.3741617068295409
1.3339577291816538
1.2979566262243107
1.2654748228599315
1.2359808808387447
1.2090534516974933
1.1843528261946987
1.1616011228850947
1.1405681469590458
1.121061076591255
1.1029167969862947
1.0859961059545629
1.0701792679985573
1.0553625568627554
1.0414555339010263
1.0283788818933703
1.0160626635147183
1.0044449082456053
0.9934704560280968
0.9830900035954365
0.9732593122445147
0.9639385452897036
0.9550917104990448
0.946686188136378
0.9386923292835895
0.9310831122278378
0.9238338471078585
0.9169219208943254
0.9103265762586735
0.9040287190566395
0.8980107500872159
0.8922564175374783
0.8867506871289658
0.8814796274725389
0.8764303085395401
0.8715907114858962
0.8669496483368113
0.8624966902640724
0.8582221033745911
0.8541167910846365
0.8501722422848543
0.8463804846111397
0.8427340422293202
0.8392258976203486
0.8358494569196966
0.8325985184217836
0.8294672439092208
0.8264501325086464
0.8235419968111101
0.8207379410261955
0.8180333409661097
0.8154238256794497
0.8129052605747729
0.8104737318919222
0.8081255323946365
0.805857148171623
0.803665246445267
0.801546664297693
0.799498398233213
0.7975175945044044
0.7956015401363513
0.7937476545900346
0.7919534820115931
0.79021668401929
0.7885350329845693
0.7869064057676532
0.7853287778717778
0.7838002179834131
0.7823188828687507
0.7808830125993639
0.7794909260823137
0.7781410168721121
0.7768317492438643
0.7755616545086723
0.7743293275539331
0.7731334235926117
0.7719726551068449
0.770845788972419
0.7697516437517282
0.768689087143789
0.7676570335807829
0.7666544419613922
0.7656803135119497
0.7647336897670844
0.76381365066217
0.7629193127304466
0.7620498273982049
0.7612043793719017
0.7603821851115073
0.759582491384793
0.7588045738976329
0.7580477359957414
0.7573113074335727
0.7565946432064103
0.7558971224419307
0.7552181473477833
0.7545571422119499
0.7539135524528638
0.7532868437164612
0.7526765010175244
0.752082027922838
0.7515029457738439
0.7509387929466196
0.7503891241471439
0.7498535097399361
0.7493315351082798
0.7488228000443361
0.7483269181675729
0.7478435163700119
0.7473722342868983
0.7469127237914716
0.7464646485125968
0.7460276833740878
0.7456015141546175
0.7451858370671796
0.7447803583571183
0.7443847939178043
0.7439988689230788
0.7436223174756461
0.7432548822706335
0.7428963142735796
0.7425463724121574
0.7422048232809731
0.7418714408588143
0.7415460062377623
0.7412283073636033
0.7409181387870145
0.7406153014250205
0.7403196023322441
0.7400308544815023
0.7397488765533167
0.7394734927339354
0.7392045325214778
0.7389418305398388
0.7386852263600021
0.7384345643284362
0.7381896934022534
0.7379504669908392
0.737716742803664
0.7374883827040085
0.737265252568348
0.7370472221511454
0.7368341649548263
0.7366259581047122
0.7364224822286969
0.7362236213414718
0.7360292627331028
0.7358392968617781
0.7356536172505517
0.7354721203879185
0.7352947056320595
0.7351212751186068
0.7349517336717852
0.7347859887187912
0.7346239502072768
0.7344655305258155
0.7343106444272265
0.7341592089546447
0.7340111433702272
0.7338663690863891
0.7337248095994697
0.733586390425734
0.7334510390396165
0.7333186848141194
0.7331892589632826
0.7330626944866435
0.7329389261156115
0.732817890261681
0.7326995249664155
0.7325837698531319
0.7324705660802233
0.7323598562960565
0.7322515845953849
0.7321456964772207
0.7320421388041104
0.731940859762763
0.7318418088259793
0.7317449367158344
0.7316501953680683
0.7315575378976378
0.7314669185653901
0.7313782927458161
0.7312916168958414
0.7312068485246248
0.7311239461643179
0.7310428693417599
0.7309635785510715
0.730886035227112
0.7308102017197758
0.7307360412690921
0.7306635179811047
0.7305925968045006
0.730523243507964
0.7304554246582282
0.7303891075988034
0.7303242604293547
0.7302608519857098
0.7301988518204734
0.730138230184229
0.7300789580073053
0.7300210068820929
0.7299643490458868
0.7299089573642409
0.7298548053148167
0.7298018669717088
0.729750116990231
0.7296995305921488
0.7296500835513444
0.729601752179895
0.7295545133145585
0.729508344303646
0.7294632229942734
0.7294191277199761
0.7293760372886796
0.7293339309710083
0.7292927884889275
0.7292525900047048
0.729213316110181
0.7291749478163411
0.7291374665431761
0.729100854109825
0.7290650927249903
0.7290301649776181
0.7289960538278295
0.7289627425981061
0.7289302149647098
0.7288984549493377
0.7288674469110018
0.728837175538127
0.7288076258408617
0.7287787831435908
0.728750633077651
0.7287231615742381
0.7286963548574994
0.7286701994378102
0.7286446821052248
0.7286197899230992
0.7285955102218787
0.7285718305930463
0.7285487388832286
0.7285262231884505
0.7285042718485393
0.7284828734416705
0.7284620167790521
0.7284416908997434
0.7284218850656049
0.7284025887563741
0.7283837916648658
0.728365483692291
0.7283476549436931
0.728330295723496
0.7283133965311622
0.7282969480569588
0.7282809411778257
0.7282653669533449
0.7282502166218089
0.7282354815963831
0.7282211534613607
0.728207223968509
0.7281936850335026
0.7281805287324403
0.7281677472984486
0.7281553331183611
0.7281432787294807
0.7281315768164146
0.7281202202079861
0.7281092018742172
0.7280985149233826
0.7280881525991312
0.728078108277674
0.7280683754650393
0.7280589477943881
0.7280498190233922
0.7280409830316732
0.7280324338182989
0.7280241654993358
0.728016172305459
0.7280084485796143
0.7280009887747337
0.7279937874515022
0.7279868392761736
0.7279801390184365
0.7279736815493267
0.7279674618391857
0.727961474955665
0.7279557160617736
0.7279501804139692
0.7279448633602907
0.7279397603385309
0.7279348668744504
0.7279301785800286
0.7279256911517539
0.7279214003689505
0.7279173020921399
0.7279133922614398
0.7279096668949954
0.7279061220874452
0.7279027540084183
0.7278995589010657
0.7278965330806203
0.727893672932989
0.7278909749133734
0.7278884355449203
0.7278860514173995
0.7278838191859106
0.7278817355696154
0.7278797973504972
0.7278780013721461
0.7278763445385691
0.7278748238130249
0.7278734362168824
0.7278721788285029
0.7278710487821456
0.7278700432668948
0.727869159525609
0.7278683948538924
0.7278677465990855
0.7278672121592784
0.7278667889823416
0.7278664745649789
0.7278662664517969
0.7278661622343952
0.7278661595504736
0.7278662560829577
0.7278664495591424
0.7278667377498506
0.7278671184686111
0.7278675895708517
0.7278681489531073
0.7278687945522454
0.727869524344706
0.7278703363457565
0.7278712286087614
0.727872199224466
0.7278732463202947
0.7278743680596628
0.7278755626413014
0.7278768282985957
0.7278781632989367
0.7278795659430845
0.7278810345645446
0.7278825675289561
0.7278841632334918
0.7278858201062701
0.7278875366057777
0.727889311220303
0.727891142467383
0.7278930288932565
0.7278949690723318
0.7278969616066627
0.727899005125434
0.7279010982844583
0.7279032397656813
0.727905428276697
0.7279076625502723
0.7279099413438791
0.7279122634392381
0.7279146276418684
0.7279170327806471
0.727919477707377
0.7279219612963624
0.7279244824439931
0.7279270400683352
0.7279296331087313
0.7279322605254063
0.7279349212990824
0.7279376144306005
0.7279403389405477
0.7279430938688934
0.7279458782746318
0.7279486912354302
0.7279515318472843
0.7279543992241809
0.7279572924977653
0.7279602108170152
0.7279631533479224
0.7279661192731774
0.7279691077918631
0.7279721181191512
0.727975149486006
0.7279782011388938
0.7279812723394959
0.7279843623644298
0.7279874705049721
0.7279905960667891
0.7279937383696713
0.7279968967472733
0.7280000705468576
0.7280032591290437
0.7280064618675627
0.7280096781490141
0.7280129073726289
0.7280161489500372
0.7280194023050385
0.7280226668733776
0.7280259421025238
0.7280292274514548
0.7280325223904436
0.7280358264008506
0.7280391389749179
0.7280424596155692
0.7280457878362111
0.7280491231605404
0.7280524651223531
0.7280558132653577
0.728059167142992
0.7280625263182423
0.728065890363467
0.7280692588602233
0.7280726313990956
0.7280760075795292
0.7280793870096652
0.7280827693061797
0.7280861540941245
0.7280895410067721
0.7280929296854632
0.7280963197794554
0.7280997109457774
0.7281031028490834
0.728106495161511
0.7281098875625426
0.7281132797388675
0.7281166713842481
0.7281200621993871
0.7281234518917985
0.7281268401756802
0.7281302267717886
0.7281336114073163
0.7281369938157708
0.7281403737368568
0.7281437509163602
0.7281471251060327
0.7281504960634809
0.7281538635520557
0.7281572273407441
0.7281605872040635
0.728163942921957
0.7281672942796912
0.7281706410677558
0.7281739830817646
0.728177320122359
0.7281806519951123
0.7281839785104368
0.7281872994834911
0.7281906147340911
0.7281939240866205
0.7281972273699446
0.7282005244173245
0.7282038150663336
0.7282070991587742
0.7282103765405987
0.7282136470618286
0.7282169105764764
0.7282201669424707
0.7282234160215791
0.7282266576793355
0.7282298917849681
0.7282331182113256
0.7282363368348115
0.7282395475353113
0.7282427501961275
0.7282459447039132
0.7282491309486063
0.7282523088233659
0.7282554782245098
0.7282586390514535
0.7282617912066485
0.7282649345955239
0.7282680691264278
0.7282711947105702
0.7282743112619662
0.7282774186973823
0.7282805169362798
0.7282836059007644
0.7282866855155314
0.7282897557078162
0.7282928164073431
0.7282958675462757
0.7282989090591688
0.7283019408829207
0.7283049629567252
0.728307975222028
0.7283109776224782
0.7283139701038879
0.7283169526141848
0.7283199251033722
0.7283228875234858
0.7283258398285527
0.7283287819745512
0.7283317139193703
0.7283346356227718
0.7283375470463507
0.728340448153499
0.7283433389093675
0.7283462192808304
0.7283490892364491
0.7283519487464378
0.728354797782629
0.7283576363184395
0.7283604643288373
0.7283632817903101
0.7283660886808317
0.7283688849798329
0.7283716706681683
0.7283744457280881
0.728377210143208
0.7283799638984791
0.7283827069801608
0.7283854393757918
0.728388161074163
0.7283908720652906
0.7283935723403889
0.7283962618918453
0.728398940713194
0.7284016087990909
0.7284042661452899
0.7284069127486171
0.7284095486069494
0.7284121737191885
0.7284147880852402
0.728417391705991
0.7284199845832863
0.7284225667199088
0.7284251381195571
0.7284276987868255
0.7284302487271822
0.7284327879469512
0.7284353164532907
0.7284378342541754
0.7284403413583764
0.7284428377754428
0.7284453235156844
0.7284477985901521
0.7284502630106215
0.7284527167895763
0.7284551599401892
0.7284575924763071
0.7284600144124345
0.7284624257637162
0.7284648265459241
0.7284672167754396
0.7284695964692387
0.7284719656448786
0.7284743243204818
0.728476672514722
0.7284790102468115
0.7284813375364845
0.728483654403987
0.7284859608700612
0.7284882569559339
0.7284905426833025
0.7284928180743236
0.7284950831516007
0.7284973379381711
0.7284995824574956
0.7285018167334457
0.7285040407902929
0.7285062546526975
0.7285084583456978
0.7285106518946988
0.7285128353254627
0.7285150086640976
0.7285171719370478
0.7285193251710846
0.7285214683932953
0.7285236016310748
0.7285257249121155
0.7285278382643985
0.7285299417161847
0.7285320352960057
0.7285341190326557
0.7285361929551828
0.7285382570928799
0.7285403114752776
0.7285423561321368
0.7285443910934387
0.7285464163893792
0.7285484320503601
0.7285504381069836
0.7285524345900424
0.7285544215305144
0.7285563989595558
0.7285583669084934
0.7285603254088191
0.7285622744921821
0.7285642141903834
0.7285661445353697
0.7285680655592264
0.7285699772941718
0.7285718797725526
0.7285737730268357
0.7285756570896049
0.728577531993554
0.7285793977714816
0.7285812544562861
0.7285831020809603
0.728584940678586
0.7285867702823301
0.7285885909254382
0.7285904026412311
0.7285922054630996
0.7285939994244996
0.7285957845589482
0.7285975609000191
0.728599328481338
0.7286010873365791
0.7286028374994604
0.7286045790037392
0.7286063118832096
0.7286080361716977
0.7286097519030571
0.7286114591111672
0.7286131578299279
0.7286148480932562
0.7286165299350837
0.7286182033893525
0.7286198684900121
0.728621525271016
0.7286231737663185
0.7286248140098721
0.728626446035624
0.7286280698775132
0.7286296855694676
0.7286312931454013
0.7286328926392122
0.7286344840847782
0.728636067515956
0.7286376429665774
0.7286392104704471
0.7286407700613403
0.7286423217730008
0.7286438656391375
0.7286454016934236
0.7286469299694928
0.7286484505009378
0.7286499633213093
0.7286514684641118
0.728652965962803
0.7286544558507917
0.7286559381614355
0.7286574129280389
0.7286588801838514
0.7286603399620666
0.7286617922958192
0.7286632372181846
0.7286646747621756
0.7286661049607421
0.7286675278467696
0.7286689434530763
0.7286703518124137
0.7286717529574629
0.7286731469208345
0.7286745337350675
0.7286759134326269
0.7286772860459033
0.7286786516072105
0.728680010148786
0.7286813617027884
0.7286827063012965
0.7286840439763088
0.7286853747597415
0.7286866986834283
0.728688015779118
0.7286893260784758
0.7286906296130798
0.728691926414422
0.7286932165139061
0.7286944999428473
0.728695776732471
0.7286970469139127
0.7286983105182163
0.7286995675763335
0.728700818119124
0.7287020621773537
0.7287032997816937
0.7287045309627213
0.7287057557509174
0.7287069741766673
0.7287081862702594
0.7287093920618846
0.728710591581636
0.7287117848595084
0.7287129719253971
0.7287141528090985
0.7287153275403088
0.7287164961486232
0.7287176586635372
0.7287188151144439
0.7287199655306351
0.7287211099413003
0.728722248375527
0.7287233808622995
0.7287245074304987
0.7287256281089023
0.728726742926184
0.7287278519109137
0.7287289550915568
0.7287300524964739
0.7287311441539209
0.7287322300920485
0.728733310338902
0.7287343849224219
0.7287354538704419
0.7287365172106907
0.7287375749707904
0.7287386271782575
0.7287396738605016
0.7287407150448264
0.728741750758429
0.7287427810283992
0.7287438058817213
0.7287448253452719
0.7287458394458207
0.7287468482100311
0.7287478516644594
0.7287488498355548
0.7287498427496596
0.7287508304330088
0.7287518129117312
0.7287527902118477
0.7287537623592727
0.7287547293798141
0.728755691299172
0.7287566481429403
0.7287575999366059
0.7287585467055493
0.7287594884750438
0.7287604252702563
0.7287613571162479
0.728762284037972
0.7287632060602771
0.7287641232079047
0.7287650355054903
0.7287659429775638
0.728766845648549
0.7287677435427642
0.7287686366844225
0.7287695250976305
0.7287704088063911
0.728771287834601
0.7287721622060523
0.7287730319444331
0.7287738970733261
0.7287747576162096
0.7287756135964585
0.7287764650373435
0.7287773119620311
0.7287781543935846
0.7287789923549639
0.7287798258690259
0.7287806549585243
0.7287814796461102
0.7287822999543324
0.7287831159056376
0.72878392752237
0.7287847348267726
0.7287855378409864
0.7287863365870516
0.7287871310869068
0.7287879213623909
0.728788707435241
0.728789489327095
0.7287902670594902
0.7287910406538645
0.7287918101315563
0.7287925755138048
0.7287933368217504
0.7287940940764348
0.7287948472988013
0.7287955965096956
0.7287963417298651
0.72879708297996
0.7287978202805334
0.7287985536520413
0.7287992831148435
0.728800008689203
0.7288007303952875
0.7288014482531681
0.7288021622828215
0.7288028725041283
0.7288035789368756
0.728804281600755
0.7288049805153647
0.7288056757002079
0.728806367174696
0.7288070549581456
0.7288077390697816
0.7288084195287355
0.7288090963540471
0.7288097695646643
0.7288104391794427
0.7288111052171476
0.7288117676964524
0.7288124266359407
0.7288130820541054
0.7288137339693492
0.728814382399986
0.728815027364239
0.7288156688802438
0.7288163069660468
0.7288169416396058
0.7288175729187907
0.7288182008213843
0.7288188253650812
0.7288194465674896
0.7288200644461312
0.7288206790184408
0.7288212903017673
0.7288218983133744
0.7288225030704399
0.7288231045900571
0.7288237028892345
0.7288242979848958
0.7288248898938816
0.728825478632948
0.7288260642187683
0.7288266466679328
0.7288272259969489
0.7288278022222419
0.728828375360155
0.7288289454269498
0.7288295124388067
0.728830076411825
0.7288306373620238
0.728831195305341
0.7288317502576355
0.7288323022346861
0.7288328512521924
0.7288333973257751
0.728833940470976
0.728834480703259
0.7288350180380098
0.7288355524905369
0.7288360840760707
0.7288366128097655
0.7288371387066985
0.7288376617818707
0.7288381820502073
0.7288386995265576
0.728839214225696
0.7288397261623212
0.7288402353510582
0.7288407418064571
0.7288412455429941
0.7288417465750718
0.7288422449170197
0.7288427405830935
0.7288432335874774
0.7288437239442823
0.7288442116675474
0.7288446967712403
0.7288451792692573
0.728845659175423
0.7288461365034921
0.7288466112671481
0.7288470834800054
0.7288475531556075
0.7288480203074291
0.7288484849488757
0.7288489470932836
0.7288494067539212
0.7288498639439883
0.7288503186766166
0.7288507709648709
0.728851220821748
0.7288516682601786
0.7288521132930257
0.7288525559330867
0.7288529961930929
0.72885343408571
0.7288538696235379
0.7288543028191116
0.7288547336849012
0.7288551622333129
0.7288555884766881
0.728856012427304
0.7288564340973754
0.7288568534990527
0.728857270644424
0.7288576855455142
0.7288580982142863
0.7288585086626408
0.7288589169024168
0.7288593229453917
0.7288597268032819
0.7288601284877423
0.7288605280103679
0.7288609253826933
0.7288613206161924
0.72886171372228
0.7288621047123112
0.728862493597582
0.7288628803893297
0.7288632650987326
0.728863647736911
0.7288640283149269
0.7288644068437848
0.7288647833344318
0.7288651577977575
0.7288655302445948
0.7288659006857197
0.7288662691318524
0.7288666355936565
0.7288670000817399
0.7288673626066551
0.7288677231788995
0.7288680818089148
0.728868438507089
0.7288687932837549
0.7288691461491916
0.7288694971136235
0.7288698461872225
0.7288701933801061
0.7288705387023391
0.7288708821639338
0.7288712237748494
0.7288715635449928
0.7288719014842189
0.7288722376023312
0.728872571909081
0.7288729044141687
0.7288732351272438
0.7288735640579043
0.7288738912156983
0.7288742166101237
0.7288745402506281
0.7288748621466091
0.7288751823074152
0.7288755007423454
0.7288758174606499
0.7288761324715298
0.7288764457841377
0.7288767574075781
0.7288770673509074
0.7288773756231343
0.7288776822332192
0.7288779871900763
0.728878290502572
0.7288785921795258
0.7288788922297111
0.7288791906618546
0.7288794874846366
0.7288797827066918
0.7288800763366093
0.7288803683829326
0.7288806588541602
0.728880947758745
0.7288812351050958
0.7288815209015769
0.7288818051565076
0.7288820878781637
0.7288823690747774
0.7288826487545363
0.7288829269255855
0.7288832035960268
0.7288834787739186
0.7288837524672767
0.7288840246840745
0.7288842954322434
0.7288845647196722
0.7288848325542078
0.7288850989436559
0.7288853638957804
0.7288856274183041
0.7288858895189089
0.7288861502052353
0.7288864094848841
0.7288866673654152
0.7288869238543483
0.728887178959163
0.7288874326872995
0.7288876850461584
0.7288879360431005
0.7288881856854481
0.7288884339804839
0.728888680935452
0.7288889265575585
0.7288891708539705
0.7288894138318173
0.7288896554981898
0.7288898958601419
0.728890134924689
0.72889037269881
0.7288906091894459
0.7288908444035014
0.7288910783478437
0.728891311029304
0.7288915424546768
0.7288917726307204
0.7288920015641569
0.728892229261673