0.8214999109599751
0.9494795924486815
1.0516002848921615
1.136697289930195
1.2099906691701898
1.2746096471690576
1.332564081142127
1.3852220778213367
1.4335586276065904
1.4782943988859398
1.5199780595504555
1.5590376322038673
1.595813907696167
1.6305829677609507
1.6635718299879199
1.694969599865271
1.7249356005398813
1.7536054169772017
1.7810954682171352
1.807506519967355
1.8329264206608948
1.8574322593243338
1.8810920867106897
1.9039663022182542
1.9261087819964011
1.9475678044403981
1.9683868154830597
1.9886050660455463
2.0082581466015603
2.0273784382832223
2.045995495790298
2.0641363741916416
2.081825909268966
2.0990869591627153
2.1159406136020067
2.1324063758372374
2.1485023214708483
2.164245237645034
2.1796507454527663
2.1947334079600735
2.209506825838117
2.223983722285456
2.238176018660019
2.2520949020236802
2.2657508856243704
2.2791538631909054
2.2923131577912352
2.3052375659002906
2.3179353972347663
2.3304145108382937
2.3426823478360417
2.3547459612245123
2.366612043015757
2.378286949015268
2.3897767214796892
2.401087109869876
2.412223589890284
2.4231913809834764
2.4339954624288156
2.4446405881785878
2.4551313005492523
2.4654719428737772
2.47566667120845
2.4857194651794283
2.4956341380434752
2.5054143460319453
2.515063597038181
2.5245852587041124
2.5339825659552337
2.543258628029174
2.5524164350385776
2.561458864105421
2.5703886850993247
2.579208566011985
2.58792107799383
2.5965287000790482
2.6050338236224877
2.613438756468222
2.621745726870421
2.629956887183762
2.638074317339127
2.6461000281201232
2.6540359642542635
2.6618840073306202
2.669645978556059
2.677323641361117
2.6849187038645286
2.692432821206569
2.6998675977583053
2.7072245892164273
2.7145053045885144
2.7217112080781565
2.7288437208741354
2.735904222849302
2.7428940541766154
2.7498145168655928
2.7566668762236515
2.763452362248134
2.7701721709512395
2.7768274656240526
2.78341937804009
2.789949009604141
2.7964174324490267
2.8028256904818116
2.8091748003834285
2.815465752564702
2.8216995120791686
2.82787701949657
2.8339991917393696
2.840066922881838
2.846081084917249
2.852042528490911
2.8579520836038865
2.863810560287133
2.869618749248966
2.8753774224946342
2.8810873339215815
2.886749219892637
2.8923637997834533
2.8979317765105104
2.9034538370393066
2.908930652869787
2.914362880506333
2.919751161908873
2.925096124925792
2.930398383712686
2.9356585391338266
2.940877179150502
2.946054879192892
2.951192202520386
2.9562897005693287
2.961347913285793
2.966367369449343
2.971348586982815
2.9762920732546223
2.981198325367094
2.98606783043649
2.990901065863328
2.99569849959555
3.0004605903768713
3.0051877879941666
3.0098805335125265
3.0145392595025995
3.0191643902607224
3.0237563420232565
3.0283155231727563
3.0328423344391418
3.0373371690894984
3.04180041311854
3.046232445430185
3.050633638011884
3.0550043561044538
3.0593449583684946
3.0636557970443
3.0679372181059037
3.072189561413587
3.0764131608549197
3.0806083444941192
3.084775434700262
3.0889147482880404
3.0930265966424706
3.097111285848275
3.101169116806024
3.1052003853576315
3.109205382395097
3.1131843939769044
3.1171377014327666
3.1210655814716213
3.1249683062855027
3.128846143642473
3.132699356993976
3.1365282055580077
3.140332944420111
3.1441138246167375
3.147871093223946
3.1516049934422545
3.155315764678073
3.1590036426247776
3.1626688593378245
3.1663116433135516
3.1699322195626616
3.1735308096811576
3.177107631919458
3.180662901253129
3.1841968294478105
3.1877096251234556
3.191201493818479
3.194672638054192
3.198123257387659
3.201553548475211
3.2049637051323585
3.2083539183796734
3.2117243765083874
3.2150752651258094
3.218406767208467
3.221719063158073
3.225012330840724
3.228286745640093
3.231542480509863
3.2347797060092796
3.2379985903556987
3.2411992994610475
3.244381996984764
3.247546844363703
3.2506940008607543
3.253823623603833
3.2569358676203746
3.2600308858765787
3.2631088293213133
3.26616984691113
3.2692140856551264
3.2722416906465646
3.275252805088738
3.2782475703461387
3.281226125956166
3.284188609679423
3.2871351575133056
3.2900659037364544
3.2929809809301016
3.295880520013533
3.298764650263486
3.301633499351618
3.304487193361059
3.3073258568291473
3.3101496127521037
3.3129585826269863
3.3157528864728163
3.318532642852882
3.321297968895578
3.3240489803283855
3.3267857914849657
3.3295085153461454
3.3322172635468132
3.3349121464015714
3.3375932729351696
3.3402607508854825
3.3429146867399964
3.3455551857508694
3.34818235195018
3.3507962881654483
3.353397096060262
3.3559848761197792
3.358559727700185
3.361121749021055
3.3636710372026726
3.366207688271535
3.3687317971718174
3.3712434578001744
3.3737427630051706
3.3762298046124903
3.3787046734329254
3.3811674592808485
3.383618250989764
3.386057136430958
3.388484202519313
3.3908995352310276
3.393303219619373
3.3956953398235186
3.398075979087486
3.400445219770017
3.4028031433540176
3.4051498304726375
3.4074853608953406
3.4098098135747414
3.412123266622441
3.4144257973518966
3.416717482270988
3.4189983970976803
3.4212686167707136
3.4235282154699154
3.4257772666038817
3.4280158428487564
3.430244016140206
3.4324618576862838
3.4346694379854346
3.436866826817744
3.4390540932790508
3.441231305774187
3.4433985320293856
3.445555839100546
3.447703293388976
3.449840960644411
3.451968905971028
3.4540871938360462
3.456195888092309
3.4582950519640265
3.460384748081956
3.4624650384552336
3.4645359845134602
3.4665976471000532
3.4686500864760528
3.470693362335189
3.472727533807229
3.474752659463563
3.47676879732792
3.4787760048910807
3.4807743390893977
3.4827638563510734
3.4847446125716464
3.4867166631335134
3.4886800629128767
3.4906348662782984
3.4925811271080205
3.4945188987867972
3.4964482342178713
3.49836918582861
3.500281805565377
3.5021861449152825
3.5040822549056196
3.505970186103818
3.5078499886399723
3.5097217121759994
3.511585405959683
3.5134411187960075
3.5152888990520577
3.5171287946918706
3.5189608532383865
3.5207851218214996
3.522601647148446
3.524410475531741
3.5262116528832226
3.528005224714686
3.5297912361514077
3.531569731938974
3.5333407564336228
3.5351043536270645
3.5368605671199154
3.5386094401694215
3.540351015650255
3.5420853360779105
3.543812443628528
3.5455323801166667
3.54724518700727
3.5489509054292045
3.550649576151755
3.552341239645728
3.5540259360179403
3.5557037050544227
3.5573745862230273
3.5590386186708844
3.5606958412192227
3.5623462923806084
3.5639900103554725
3.565627033036218
3.5672573980153346
3.5688811425860827
3.570498303732174
3.57210891815978
3.573713022265276
3.5753106521791334
3.576901843726301
3.578486632467921
3.5800650536671914
3.58163714233084
3.5832029331900697
3.5847624606912363
3.586315759014205
3.5878628620953674
3.5894038036024054
3.59093861692856
3.592467335222132
3.5939899913779265
3.595506618037575
3.597017247604399
3.598521912217257
3.600020643786847
3.601513473979148
3.603000434215394
3.6044815556888428
3.605956869361895
3.6074264059624905
3.608890195976186
3.6103482696865083
3.611800657131327
3.6132473881445724
3.614688492324517
3.6161239990620913
3.617553937525111
3.618978336686827
3.6203972252818395
3.621810631848979
3.6232185847269673
3.6246211120416376
3.62601824170926
3.627410001461093
3.6287964188206203
3.6301775211141094
3.6315533354606293
3.6329238888192754
3.634289207923117
3.6356493193353088
3.637004249417056
3.638354024366281
3.639698670160905
3.641038212635531
3.6423726774201914
3.6437020899652897
3.6450264755547614
3.646345859294904
3.6476602661094577
3.6489697207629397
3.6502742478231034
3.6515738717279764
3.6528686167116184
3.654158506866679
3.6554435661050646
3.656723818187386
3.6579992866995164
3.6592699950698004
3.6605359665845545
3.661797224366171
3.6630537913607135
3.6643056903804134
3.665552944085596
3.666795574975711
3.6680336053969547
3.6692670575552175
3.6704959535080066
3.6717203151732565
3.6729401642932764
3.6741555225169193
3.6753664113045477
3.676572851991612
3.677774865792259
3.678972473748927
3.6801656967982357
3.6813545557112866
3.682539071145561
3.6837192636119886
3.684895153498063
3.6860667610608946
3.687234106422517
3.688397209553164
3.6895560903501763
3.6907107685288665
3.6918612637169788
3.6930075953791848
3.6941497829061403
3.695287845506469
3.69642180233488
3.697551672348868
3.6986774744565456
3.699799227403846
3.700916949834314
3.702030660270046
3.703140377130675
3.704246118701962
3.7053479031700687
3.7064457485841773
3.7075396729377537
3.7086296940355226
3.709715829650842
3.7107980973708745
3.711876514736207
3.7129510991662684
3.7140218679492762
3.7150888382804332
3.716152027258005
3.717211451876257
3.7182671290179057
3.71931907546913
3.7203673079072406
3.72141184292618
3.72245269700425
3.7234898865287103
3.724523427766457
3.725553336929349
3.7265796300973846
3.727602323263717
3.7286214323465727
3.72963697314034
3.7306489613561187
3.731657412599206
3.732662342432979
3.733663766274323
3.7346616994668187
3.7356561572840903
3.7366471548802673
3.7376347073226217
3.7386188296114935
3.7395995366622894
3.740576843288472
3.7415507642106904
3.742521314064675
3.7434885074352806
3.7444523588024894
3.7454128825364195
3.746370092968307
3.7473240043189433
3.7482746307490755
3.7492219863101064
3.750166085012506
3.751106940716805
3.752044567319624
3.7529789785321284
3.7539101880233923
3.75483820939301
3.7557630561768454
3.756684741817459
3.7576032796751804
3.7585186830392487
3.7594309651372644
3.760340139102242
3.7612462180119253
3.7621492148765854
3.7630491426301274
3.7639460141181726
3.764839842105037
3.7657306393214474
3.76661841843105
3.7675031919904636
3.768384972498537
3.7692637724186215
3.7701396040764665
3.77101247980992
3.771882411858936
3.7727494123690795
3.773613493456469
3.7744746671362837
3.775332945408972
3.776188340178331
3.7770408632594936
3.7778905264630795
3.7787373414886507
3.7795813200010024
3.7804224735523886
3.7812608137327364
3.782096351974667
3.7829290996723484
3.7837590682074294
3.784586268833786
3.7854107127858656
3.7862324112281978
3.78705137528896
3.787867615980867
3.788681144306799
3.7894919712200936
3.7903001075823552
3.7911055642196514
3.7919083518699885
3.792708481255048
3.7935059630194705
3.794300807772531
3.7950930260522444
3.795882628311875
3.7966696250249528
3.7974540265446404
3.798235843187017
3.7990150852324165
3.7997917629156004
3.800565886388868
3.8013374657435635
3.8021065110724193
3.8028730323491144
3.8036370395831116
3.804398542632163
3.8051575513810354
3.8059140756430416
3.8066681251398586
3.8074197096140816
3.808168838722278
3.8089155220672137
3.8096597692100893
3.8104015896624763
3.8111409928897046
3.81187798832878
3.8126125853315544
3.8133447932315265
3.8140746213112875
3.8148020787975785
3.8155271748679533
3.816249918686973
3.816970319324499
3.8176883858466626
3.8184041272634013
3.819117552528628
3.819828670539512
3.8205374902064446
3.8212440203240963
3.8219482697082534
3.822650247097686
3.823349961167702
3.824047420601293
3.824742634007138
3.8254356099606865
3.826126356980361
3.826814883584895
3.8275011982278317
3.828185309263989
3.8288672251222358
3.8295469540827534
3.8302245044660626
3.8308998845070796
3.831573102408916
3.832244166375301
3.832913084493463
3.8335798648634642
3.8342445155325073
3.834907044564781
3.8355674598751524
3.8362257694221653
3.8368819811105843
3.837536102808824
3.8381881423125686
3.8388381074325526
3.839486005936782
3.840131845503756
3.8407756338461354
3.84141737858419
3.8420570873311695
3.8426947676557868
3.8433304271160003
3.8439640731850626
3.844595713317283
3.8452253549689415
3.845853005546444
3.846478672398306
3.8471023628517877
3.84772408417161
3.84834384366839
3.848961648525188
3.84957750595652
3.8501914231189205
3.8508034071520734
3.8514134651370675
3.852021604115608
3.8526278311515436
3.853232153237131
3.853834577303729
3.854435110327571
3.8550337591712642
3.855630530744642
3.85622543184419
3.8568184693151393
3.8574096499271495
3.8579989804020416
3.8585864674742245
3.8591721178237943
3.859755938090717
3.860337934922396
3.8609181149458216
3.861496484653606
3.8620730506098453
3.862647819332046
3.8632207973323593
3.863791990990228
3.8643614067578156
3.8649290510385894
3.8654949301715367
3.866059050513119
3.866621418346387
3.867182039973274
3.8677409216179526
3.8682980695228553
3.8688534898870843
3.869407188890835
3.869959172609513
3.8705094472309587
3.8710580188142445
3.871604893389619
3.8721500770424044
3.8726935757625855
3.8732353955192154
3.8737755422556894
3.8743140219389467
3.8748508404461797
3.875386003652247
3.8759195174162455
3.876451387562923
3.8769816198794804
3.8775102201830247
3.8780371941755556
3.8785625476170247
3.8790862861790307
3.8796084155751536
3.8801289414341915
3.8806478693718636
3.881165205017857
3.881680953931722
3.882195121694165
3.8827077138003423
3.8832187357876413
3.883728193127025
3.8842360912961227
3.8847424356972025
3.885247231799271
3.885750484946184
3.8862522005226565
3.886752383877232
3.8872510403320955
3.8877481751783542
3.888243793708355
3.8887379011670995
3.8892305028251353
3.889721603851897
3.8902112094188612
3.890699324757884
3.8911859549535186
3.891671105184164
3.892154780521579
3.8926369860532524
3.8931177268479678
3.89359700793938
3.894074834334481
3.894551211070658
3.8950261430773923
3.8954996353399203
3.8959716927787307
3.89644232032143
3.8969115228363327
3.897379305208202
3.897845672314879
3.8983106289976592
3.8987741800369644
3.8992363302479096
3.8996970843854935
3.9001564472212684
3.9006144234878426
3.901071017909088
3.901526235169722
3.9019800799697073
3.902432556911694
3.9028836706861183
3.9033334259208123
3.9037818271874345
3.904228879078689
3.9046745861686305
3.9051189529682406
3.9055619840584526
3.9060036838924006
3.906444057031223
3.9068831078656046
3.9073208409352267
3.9077572606125335
3.908192371300909
3.908626177460523
3.9090586834409597
3.9094898936555826
3.9099198124035275
3.9103484439892786
3.910775792798916
3.911201863095421
3.911626659125396
3.9120501852134852
3.9124724455503497
3.912893444371643
3.9133131859253134
3.9137316743740103
3.9141489138888157
3.9145649086606102
3.914979662822498
3.915393180469842
3.915805465788966
3.9162165227798473
3.916626355612035
3.9170349682988044
3.917442364872342
3.9178485493758357
3.918253525865811
3.918657298298589
3.919059870683896
3.919461246943468
3.919861431094199
3.920260427044368
3.920658238697358
3.921054869969217
3.92145032476248
3.9218446069692003
3.922237720408367
3.922629668929897
3.9230204564013635
3.923410086632568
3.923798563397025
3.9241858904759517
3.924572071675239
3.924957110725751
3.925341011393669
3.9257237773950275
3.9261054124483334
3.9264859202175337
3.9268653044581994
3.9272435687579947
3.9276207168456088
3.9279967522926795
3.9283716787929257
3.9287454999247253
3.9291182193417664
3.9294898405719794
3.929860367177193
3.9302298027563296
3.9305981508622967
3.9309654150172486
3.9313315987169637
3.931696705505534
3.9320607388623783
3.932423702238347
3.93278559912947
3.9331464329675967
3.933506207205906
3.933864925292364
3.9342225906023756
3.9345792065686367
3.9349347765377427
3.9352893039545433
3.935642792088653
3.935995244339908
3.936346664068073
3.9366970545797177
3.937046419131986
3.9373947611326106
3.937742083779504
3.9380883903814494
3.9384336841890852
3.938777968484083
3.939121246460444
3.939463521394468
3.9398047964386564
3.94014507486112
3.9404843598034596
3.940822654441396
3.9411599619941153
3.94149628556606
3.9418316283354806
3.942165993374021
3.9424993838893676
3.942831802895757
3.9431632535756522
3.943493738994162
3.9438232621445617
3.944151826211565
3.944479434154608
3.9448060890436665
3.945131793920767
3.945456551800065
3.9457803656862454
3.9461032385441093
3.9464251734225395
3.9467461732400038
3.9470662409522346
3.947385379585476
3.9477035919997183
3.9480208811704314
3.9483372499815306
3.9486527013684065
3.948967238227277
3.9492808634352987
3.949593579889531
3.949905390436721
3.950216297987397
3.950526305275603
3.950835415248439
3.9511436306713756
3.9514509543511704
3.951757389159409
3.9520629378233227
3.952367603135883
3.952671387911621
3.9529742949055753
3.9532763268251854
3.953577486478294
3.953877776551756
3.954177199790267
3.954475758917716
3.9547734566332124
3.9550702956207657
3.955366278590624
3.955661408185786
3.9559556871051704
3.9562491179675847
3.9565417034370145
3.9568334462017227
3.9571243488232106
3.957414413930263
3.957703644181585
3.957992042133355
3.958279610412257
3.9585663515608034
3.958852268190166
3.9591373628137156
3.9594216380087954
3.9597050963905005
3.9599877403798036
3.9602695725870576
3.9605505954986024
3.9608308116516953
3.9611102234896998
3.9613888335369865
3.9616666443041124
3.9619436582625727
3.962219877846863
3.9624953055006538
3.962769943720943
3.9630437949253965
3.963316861554527
3.96358914600248
3.9638606507433094
3.9641313781064436
3.9644013305675414
3.964670510460379
3.964938920159883
3.9652065620865145
3.965473438539813
3.965739551983223
3.9660049046459775
3.9662694989296905
3.9665333371632947
3.9667964216429845
3.9670587547223874
3.9673203386788005
3.967581175819181
3.9678412684353366
3.9681006188278474
3.9683592292276813
3.9686171019520877
3.9688742392373473
3.969130643332751
3.9693863164884893
3.9696412609460316
3.969895478914312
3.9701489726493846
3.970401744349438
3.9706537961937527
3.97090513039197
3.97115574915469
3.9714056546600096
3.971654849047402
3.97190333452102
3.9721511132600775
3.972398187387453
3.9726445590493915
3.9728902303535634
3.9731352034940493
3.973379480545184
3.9736230636720946
3.9738659549163318
3.9741081564550225
3.9743496703420584
3.9745904986773244
3.9748306435135143
3.9750701069327183
3.97530889104349
3.975546997862173
3.9757844294362332
3.9760211878575076
3.976257275152049
3.976492693269743
3.9767274443606198
3.9769615303730927
3.977194953308242
3.977427715180558
3.9776598180220994
3.9778912638078934
3.97812205446055
3.9783521920498286
3.97858167846932
3.978810515775715
3.9790387058182954
3.979266250624691
3.979493152071316
3.979719412213066
3.979945032817699
3.9801700159614026
3.980394363482973
3.9806180773043063
3.9808411593135173
3.9810636114686186
3.98128543560729
3.9815066336190417
3.981727207401414
3.9819471588672837
3.9821664897771423
3.982385202129534
3.982603297612593
3.982820778230566
3.9830376457686847
3.9832539020514846
3.9834695488820797
3.9836845881259224
3.9838990216267125
3.984112851134336
3.984326078489382
3.984538705457241
3.984750733930568
3.9849621655807215
3.9851730022558502
3.9853832456990728
3.985592897695245
3.9858019599967585
3.9860104343902703
3.9862183226189396
3.986425626426316
3.9866323475288583
3.986838487667518
3.9870440486295693
3.9872490320775107
3.9874534397294856
3.9876572733671547
3.9878605346104066
3.9880632252148946
3.988265346862251