0.7294047778284727
0.8291266202557211
0.977327806696823
1.1570982603960855
1.3563742032846011
1.567873914449911
1.787364579488924
2.0123345155821526
2.2412270217181773
2.473029227707889
2.707051684395919
2.9428066909157327
3.1799382390716953
3.418179788883941
3.657327665561484
3.8972236113286525
4.137742934503704
4.378786218142107
4.62027337708345
4.862139303168652
5.104330622548071
5.346803278633699
5.5895206592955144
5.832451848722522
6.075569741470085
6.3188528863632065
6.562303871236232
6.805815851551331
7.0494671786049565
7.293438911722683
7.535684524183808
nan
nan
nan
nan
nan
nan
nan
nan
nan
nan
nan
nan
nan
nan
nan
nan
nan
nan
nan
nan
nan
nan
nan
nan
nan
nan
nan
nan
nan
nan
nan
nan
nan
nan
nan
nan
nan
nan
nan
nan
nan
nan
nan
nan
nan
nan
nan
nan
nan
nan
nan
nan
nan
nan
nan
nan
nan
nan
nan
nan
nan
nan
nan
nan
nan
nan
nan
nan
nan